,GAME_ID,EVENTNUM,EVENTMSGTYPE,EVENTMSGACTIONTYPE,PERIOD,WCTIMESTRING,PCTIMESTRING,HOMEDESCRIPTION,NEUTRALDESCRIPTION,VISITORDESCRIPTION,SCORE,SCOREMARGIN,PERSON1TYPE,PLAYER1_ID,PLAYER1_NAME,PLAYER1_TEAM_ID,PLAYER1_TEAM_CITY,PLAYER1_TEAM_NICKNAME,PLAYER1_TEAM_ABBREVIATION,PERSON2TYPE,PLAYER2_ID,PLAYER2_NAME,PLAYER2_TEAM_ID,PLAYER2_TEAM_CITY,PLAYER2_TEAM_NICKNAME,PLAYER2_TEAM_ABBREVIATION,PERSON3TYPE,PLAYER3_ID,PLAYER3_NAME,PLAYER3_TEAM_ID,PLAYER3_TEAM_CITY,PLAYER3_TEAM_NICKNAME,PLAYER3_TEAM_ABBREVIATION,VIDEO_AVAILABLE_FLAG
0,0022000324,2,12,0,1,7:46 PM,12:00,,,,,,0,0,,,,,,0,0,,,,,,0,0,,,,,,0
1,0022000324,4,10,0,1,7:46 PM,12:00,Jump Ball Durant vs. Ibaka: Tip to George,,,,,4,201142,Kevin Durant,1610612751.0,Brooklyn,Nets,BKN,5,201586,Serge Ibaka,1610612746.0,LA,Clippers,LAC,5,202331,Paul George,1610612746.0,LA,Clippers,LAC,1
2,0022000324,7,1,1,1,7:47 PM,11:39,,,Batum 25' 3PT Jump Shot (3 PTS) (Leonard 1 AST),3 - 0,-3,5,201587,Nicolas Batum,1610612746.0,LA,Clippers,LAC,5,202695,Kawhi Leonard,1610612746.0,LA,Clippers,LAC,0,0,,,,,,1
3,0022000324,9,1,1,1,7:47 PM,11:19,Durant 14' Jump Shot (2 PTS),,,3 - 2,-1,4,201142,Kevin Durant,1610612751.0,Brooklyn,Nets,BKN,0,0,,,,,,0,0,,,,,,1
4,0022000324,10,5,1,1,7:47 PM,10:58,Green STEAL (1 STL),,George Bad Pass Turnover (P1.T1),,,5,202331,Paul George,1610612746.0,LA,Clippers,LAC,4,201145,Jeff Green,1610612751.0,Brooklyn,Nets,BKN,0,0,,,,,,1
5,0022000324,12,5,1,1,7:48 PM,10:54,Green Bad Pass Turnover (P1.T1),,Leonard STEAL (1 STL),,,4,201145,Jeff Green,1610612751.0,Brooklyn,Nets,BKN,5,202695,Kawhi Leonard,1610612746.0,LA,Clippers,LAC,0,0,,,,,,1
6,0022000324,14,1,101,1,7:48 PM,10:50,,,Leonard 5' Driving Floating Jump Shot (2 PTS),5 - 2,-3,5,202695,Kawhi Leonard,1610612746.0,LA,Clippers,LAC,0,0,,,,,,0,0,,,,,,1
7,0022000324,15,2,1,1,7:48 PM,10:37,MISS Green 27' 3PT Jump Shot,,,,,4,201145,Jeff Green,1610612751.0,Brooklyn,Nets,BKN,0,0,,,,,,0,0,,,,,,1
8,0022000324,16,4,0,1,7:48 PM,10:33,,,Ibaka REBOUND (Off:0 Def:1),,,5,201586,Serge Ibaka,1610612746.0,LA,Clippers,LAC,0,0,,,,,,0,0,,,,,,1
9,0022000324,17,6,1,1,7:48 PM,10:27,Harden P.FOUL (P1.T1) (B.Adair),,,,,4,201935,James Harden,1610612751.0,Brooklyn,Nets,BKN,5,202331,Paul George,1610612746.0,LA,Clippers,LAC,1,0,,,,,,1
10,0022000324,19,1,1,1,7:49 PM,10:12,,,Batum  3PT Jump Shot (6 PTS) (Leonard 2 AST),8 - 2,-6,5,201587,Nicolas Batum,1610612746.0,LA,Clippers,LAC,5,202695,Kawhi Leonard,1610612746.0,LA,Clippers,LAC,0,0,,,,,,1
11,0022000324,21,2,79,1,7:49 PM,9:46,MISS Irving 11' Pullup Jump Shot,,,,,4,202681,Kyrie Irving,1610612751.0,Brooklyn,Nets,BKN,0,0,,,,,,0,0,,,,,,1
12,0022000324,22,4,0,1,7:49 PM,9:44,,,Ibaka REBOUND (Off:0 Def:2),,,5,201586,Serge Ibaka,1610612746.0,LA,Clippers,LAC,0,0,,,,,,0,0,,,,,,1
13,0022000324,23,2,79,1,7:49 PM,9:35,Irving BLOCK (1 BLK),,MISS George 7' Pullup Jump Shot,,,5,202331,Paul George,1610612746.0,LA,Clippers,LAC,0,0,,,,,,4,202681,Kyrie Irving,1610612751.0,Brooklyn,Nets,BKN,1
14,0022000324,25,4,0,1,7:49 PM,9:32,Green REBOUND (Off:0 Def:1),,,,,4,201145,Jeff Green,1610612751.0,Brooklyn,Nets,BKN,0,0,,,,,,0,0,,,,,,0
15,0022000324,26,2,41,1,7:50 PM,9:29,MISS Green 3' Running Layup,,Leonard BLOCK (1 BLK),,,4,201145,Jeff Green,1610612751.0,Brooklyn,Nets,BKN,0,0,,,,,,5,202695,Kawhi Leonard,1610612746.0,LA,Clippers,LAC,1
16,0022000324,28,4,0,1,7:50 PM,9:26,,,Batum REBOUND (Off:0 Def:1),,,5,201587,Nicolas Batum,1610612746.0,LA,Clippers,LAC,0,0,,,,,,0,0,,,,,,0
17,0022000324,29,2,103,1,7:50 PM,9:25,,,MISS George 25' 3PT Running Pull-Up Jump Shot,,,5,202331,Paul George,1610612746.0,LA,Clippers,LAC,0,0,,,,,,0,0,,,,,,1
18,0022000324,30,4,0,1,7:50 PM,9:21,Irving REBOUND (Off:0 Def:1),,,,,4,202681,Kyrie Irving,1610612751.0,Brooklyn,Nets,BKN,0,0,,,,,,0,0,,,,,,1
19,0022000324,31,2,1,1,7:50 PM,9:15,MISS Irving 26' 3PT Jump Shot,,,,,4,202681,Kyrie Irving,1610612751.0,Brooklyn,Nets,BKN,0,0,,,,,,0,0,,,,,,1
20,0022000324,32,4,0,1,7:50 PM,9:12,,,Ibaka REBOUND (Off:0 Def:3),,,5,201586,Serge Ibaka,1610612746.0,LA,Clippers,LAC,0,0,,,,,,0,0,,,,,,1
21,0022000324,33,1,47,1,7:50 PM,9:01,,,Leonard 8' Turnaround Jump Shot (4 PTS),10 - 2,-8,5,202695,Kawhi Leonard,1610612746.0,LA,Clippers,LAC,0,0,,,,,,0,0,,,,,,1
22,0022000324,34,1,5,1,7:50 PM,8:48,Durant 2' Layup (4 PTS) (Harden 1 AST),,,10 - 4,-6,4,201142,Kevin Durant,1610612751.0,Brooklyn,Nets,BKN,4,201935,James Harden,1610612751.0,Brooklyn,Nets,BKN,0,0,,,,,,1
23,0022000324,37,1,58,1,7:51 PM,8:29,,,Ibaka 3' Turnaround Hook Shot (2 PTS) (Leonard 3 AST),12 - 4,-8,5,201586,Serge Ibaka,1610612746.0,LA,Clippers,LAC,5,202695,Kawhi Leonard,1610612746.0,LA,Clippers,LAC,0,0,,,,,,1
24,0022000324,39,5,1,1,7:51 PM,8:08,Durant Bad Pass Turnover (P1.T2),,George STEAL (1 STL),,,4,201142,Kevin Durant,1610612751.0,Brooklyn,Nets,BKN,5,202331,Paul George,1610612746.0,LA,Clippers,LAC,0,0,,,,,,1
25,0022000324,41,1,76,1,7:51 PM,8:02,,,George 3' Running Finger Roll Layup (2 PTS),14 - 4,-10,5,202331,Paul George,1610612746.0,LA,Clippers,LAC,0,0,,,,,,0,0,,,,,,1
26,0022000324,42,9,1,1,7:51 PM,8:02,NETS Timeout: Regular (Full 1 Short 0),,,,,2,1610612751,,,,,,0,0,,,,,,0,0,,,,,,0
27,0022000324,43,2,80,1,7:55 PM,7:46,MISS Harden  3PT Step Back Jump Shot,,,,,4,201935,James Harden,1610612751.0,Brooklyn,Nets,BKN,0,0,,,,,,0,0,,,,,,1
28,0022000324,44,4,0,1,7:55 PM,7:43,,,Jackson REBOUND (Off:0 Def:1),,,5,202704,Reggie Jackson,1610612746.0,LA,Clippers,LAC,0,0,,,,,,0,0,,,,,,1
29,0022000324,45,5,1,1,7:55 PM,7:34,Irving STEAL (1 STL),,Jackson Bad Pass Turnover (P1.T2),,,5,202704,Reggie Jackson,1610612746.0,LA,Clippers,LAC,4,202681,Kyrie Irving,1610612751.0,Brooklyn,Nets,BKN,0,0,,,,,,1
30,0022000324,47,1,41,1,7:55 PM,7:29,Harris 1' Running Layup (2 PTS) (Harden 2 AST),,,14 - 6,-8,4,203925,Joe Harris,1610612751.0,Brooklyn,Nets,BKN,4,201935,James Harden,1610612751.0,Brooklyn,Nets,BKN,0,0,,,,,,1
31,0022000324,49,1,1,1,7:55 PM,7:08,,,Leonard 18' Jump Shot (6 PTS),16 - 6,-10,5,202695,Kawhi Leonard,1610612746.0,LA,Clippers,LAC,0,0,,,,,,0,0,,,,,,1
32,0022000324,50,2,1,1,7:56 PM,6:55,MISS Harris 29' 3PT Jump Shot,,,,,4,203925,Joe Harris,1610612751.0,Brooklyn,Nets,BKN,0,0,,,,,,0,0,,,,,,1
33,0022000324,51,4,0,1,7:56 PM,6:53,,,Ibaka REBOUND (Off:0 Def:4),,,5,201586,Serge Ibaka,1610612746.0,LA,Clippers,LAC,0,0,,,,,,0,0,,,,,,1
34,0022000324,52,1,9,1,7:56 PM,6:45,,,George  Driving Dunk (4 PTS),18 - 6,-12,5,202331,Paul George,1610612746.0,LA,Clippers,LAC,0,0,,,,,,0,0,,,,,,1
35,0022000324,53,1,6,1,7:56 PM,6:24,Harden 2' Driving Layup (2 PTS),,,18 - 8,-10,4,201935,James Harden,1610612751.0,Brooklyn,Nets,BKN,0,0,,,,,,0,0,,,,,,1
36,0022000324,54,1,63,1,7:57 PM,6:03,,,Leonard 9' Fadeaway Jumper (8 PTS),20 - 8,-12,5,202695,Kawhi Leonard,1610612746.0,LA,Clippers,LAC,0,0,,,,,,0,0,,,,,,1
37,0022000324,56,1,1,1,7:57 PM,5:45,Irving 27' 3PT Jump Shot (3 PTS) (Harden 3 AST),,,20 - 11,-9,4,202681,Kyrie Irving,1610612751.0,Brooklyn,Nets,BKN,4,201935,James Harden,1610612751.0,Brooklyn,Nets,BKN,0,0,,,,,,1
38,0022000324,58,2,78,1,7:57 PM,5:27,,,MISS Jackson 11' Floating Jump Shot,,,5,202704,Reggie Jackson,1610612746.0,LA,Clippers,LAC,0,0,,,,,,0,0,,,,,,1
39,0022000324,59,4,0,1,7:57 PM,5:25,Harden REBOUND (Off:0 Def:1),,,,,4,201935,James Harden,1610612751.0,Brooklyn,Nets,BKN,0,0,,,,,,0,0,,,,,,1
40,0022000324,60,2,6,1,7:57 PM,5:20,MISS Irving 2' Driving Layup,,Leonard BLOCK (2 BLK),,,4,202681,Kyrie Irving,1610612751.0,Brooklyn,Nets,BKN,0,0,,,,,,5,202695,Kawhi Leonard,1610612746.0,LA,Clippers,LAC,1
41,0022000324,62,4,0,1,7:57 PM,5:20,NETS Rebound,,,,,2,1610612751,,,,,,0,0,,,,,,0,0,,,,,,0
42,0022000324,64,8,0,1,7:57 PM,5:20,,,SUB: Kennard FOR Jackson,,,5,202704,Reggie Jackson,1610612746.0,LA,Clippers,LAC,5,1628379,Luke Kennard,1610612746.0,LA,Clippers,LAC,0,0,,,,,,0
43,0022000324,66,1,98,1,7:58 PM,5:16,Durant 2' Cutting Layup Shot (6 PTS) (Green 1 AST),,,20 - 13,-7,4,201142,Kevin Durant,1610612751.0,Brooklyn,Nets,BKN,4,201145,Jeff Green,1610612751.0,Brooklyn,Nets,BKN,0,0,,,,,,1
44,0022000324,68,6,2,1,7:58 PM,5:16,,,George S.FOUL (P1.T1) (B.Kennedy),,,5,202331,Paul George,1610612746.0,LA,Clippers,LAC,4,201142,Kevin Durant,1610612751.0,Brooklyn,Nets,BKN,1,0,,,,,,1
45,0022000324,70,8,0,1,7:58 PM,5:16,SUB: Luwawu-Cabarrot FOR Harris,,,,,4,203925,Joe Harris,1610612751.0,Brooklyn,Nets,BKN,4,1627789,Timothe Luwawu-Cabarrot,1610612751.0,Brooklyn,Nets,BKN,0,0,,,,,,0
46,0022000324,72,3,10,1,7:58 PM,5:16,Durant Free Throw 1 of 1 (7 PTS),,,20 - 14,-6,4,201142,Kevin Durant,1610612751.0,Brooklyn,Nets,BKN,0,0,,,,,,0,0,,,,,,1
47,0022000324,73,2,1,1,7:59 PM,5:02,,,MISS George 25' 3PT Jump Shot,,,5,202331,Paul George,1610612746.0,LA,Clippers,LAC,0,0,,,,,,0,0,,,,,,1
48,0022000324,74,4,0,1,7:59 PM,4:58,,,Ibaka REBOUND (Off:1 Def:4),,,5,201586,Serge Ibaka,1610612746.0,LA,Clippers,LAC,0,0,,,,,,0,0,,,,,,1
49,0022000324,75,2,72,1,7:59 PM,4:57,,,MISS Ibaka 2' Putback Layup,,,5,201586,Serge Ibaka,1610612746.0,LA,Clippers,LAC,0,0,,,,,,0,0,,,,,,1
50,0022000324,76,4,0,1,7:59 PM,4:56,,,George REBOUND (Off:1 Def:0),,,5,202331,Paul George,1610612746.0,LA,Clippers,LAC,0,0,,,,,,0,0,,,,,,1
51,0022000324,77,2,72,1,7:59 PM,4:56,Luwawu-Cabarrot BLOCK (1 BLK),,MISS George 2' Putback Layup,,,5,202331,Paul George,1610612746.0,LA,Clippers,LAC,0,0,,,,,,4,1627789,Timothe Luwawu-Cabarrot,1610612751.0,Brooklyn,Nets,BKN,1
52,0022000324,79,4,0,1,7:59 PM,4:56,,,Clippers Rebound,,,3,1610612746,,,,,,0,0,,,,,,0,0,,,,,,0
53,0022000324,81,2,86,1,7:59 PM,4:46,,,MISS Ibaka 10' Turnaround Fadeaway Shot,,,5,201586,Serge Ibaka,1610612746.0,LA,Clippers,LAC,0,0,,,,,,0,0,,,,,,1
54,0022000324,82,4,0,1,7:59 PM,4:43,Green REBOUND (Off:0 Def:2),,,,,4,201145,Jeff Green,1610612751.0,Brooklyn,Nets,BKN,0,0,,,,,,0,0,,,,,,1
55,0022000324,83,2,1,1,8:00 PM,4:23,MISS Luwawu-Cabarrot  3PT Jump Shot,,,,,4,1627789,Timothe Luwawu-Cabarrot,1610612751.0,Brooklyn,Nets,BKN,0,0,,,,,,0,0,,,,,,1
56,0022000324,84,4,0,1,8:00 PM,4:20,,,Kennard REBOUND (Off:0 Def:1),,,5,1628379,Luke Kennard,1610612746.0,LA,Clippers,LAC,0,0,,,,,,0,0,,,,,,1
57,0022000324,85,2,3,1,8:00 PM,4:09,,,MISS Ibaka 6' Hook Shot,,,5,201586,Serge Ibaka,1610612746.0,LA,Clippers,LAC,0,0,,,,,,0,0,,,,,,1
58,0022000324,86,4,0,1,8:00 PM,4:08,,,Ibaka REBOUND (Off:2 Def:4),,,5,201586,Serge Ibaka,1610612746.0,LA,Clippers,LAC,0,0,,,,,,0,0,,,,,,1
59,0022000324,87,6,2,1,8:00 PM,4:08,Harden S.FOUL (P2.T2) (B.Adair),,,,,4,201935,James Harden,1610612751.0,Brooklyn,Nets,BKN,5,201586,Serge Ibaka,1610612746.0,LA,Clippers,LAC,1,0,,,,,,1
60,0022000324,89,3,11,1,8:00 PM,4:08,,,Ibaka Free Throw 1 of 2 (3 PTS),21 - 14,-7,5,201586,Serge Ibaka,1610612746.0,LA,Clippers,LAC,0,0,,,,,,0,0,,,,,,1
61,0022000324,90,8,0,1,8:01 PM,4:08,,,SUB: Jackson FOR George,,,5,202331,Paul George,1610612746.0,LA,Clippers,LAC,5,202704,Reggie Jackson,1610612746.0,LA,Clippers,LAC,0,0,,,,,,0
62,0022000324,92,3,12,1,8:01 PM,4:08,,,Ibaka Free Throw 2 of 2 (4 PTS),22 - 14,-8,5,201586,Serge Ibaka,1610612746.0,LA,Clippers,LAC,0,0,,,,,,0,0,,,,,,1
63,0022000324,93,2,57,1,8:01 PM,3:52,MISS Irving 4' Driving Hook Shot,,,,,4,202681,Kyrie Irving,1610612751.0,Brooklyn,Nets,BKN,0,0,,,,,,0,0,,,,,,1
64,0022000324,94,4,0,1,8:01 PM,3:51,,,Ibaka REBOUND (Off:2 Def:5),,,5,201586,Serge Ibaka,1610612746.0,LA,Clippers,LAC,0,0,,,,,,0,0,,,,,,1
65,0022000324,95,2,1,1,8:01 PM,3:35,,,MISS Kennard  3PT Jump Shot,,,5,1628379,Luke Kennard,1610612746.0,LA,Clippers,LAC,0,0,,,,,,0,0,,,,,,1
66,0022000324,96,4,0,1,8:02 PM,3:31,,,Batum REBOUND (Off:1 Def:1),,,5,201587,Nicolas Batum,1610612746.0,LA,Clippers,LAC,0,0,,,,,,0,0,,,,,,1
67,0022000324,97,2,1,1,8:02 PM,3:30,,,MISS Kennard 25' 3PT Jump Shot,,,5,1628379,Luke Kennard,1610612746.0,LA,Clippers,LAC,0,0,,,,,,0,0,,,,,,1
68,0022000324,98,4,0,1,8:02 PM,3:26,Harden REBOUND (Off:0 Def:2),,,,,4,201935,James Harden,1610612751.0,Brooklyn,Nets,BKN,0,0,,,,,,0,0,,,,,,1
69,0022000324,99,1,41,1,8:02 PM,3:20,Harden 4' Running Layup (4 PTS),,,22 - 16,-6,4,201935,James Harden,1610612751.0,Brooklyn,Nets,BKN,0,0,,,,,,0,0,,,,,,1
70,0022000324,100,2,1,1,8:02 PM,3:02,,,MISS Batum 27' 3PT Jump Shot,,,5,201587,Nicolas Batum,1610612746.0,LA,Clippers,LAC,0,0,,,,,,0,0,,,,,,1
71,0022000324,101,4,0,1,8:02 PM,3:00,Durant REBOUND (Off:0 Def:1),,,,,4,201142,Kevin Durant,1610612751.0,Brooklyn,Nets,BKN,0,0,,,,,,0,0,,,,,,1
72,0022000324,102,5,2,1,8:02 PM,2:54,Durant Lost Ball Turnover (P2.T3),,Jackson STEAL (1 STL),,,4,201142,Kevin Durant,1610612751.0,Brooklyn,Nets,BKN,5,202704,Reggie Jackson,1610612746.0,LA,Clippers,LAC,0,0,,,,,,1
73,0022000324,105,6,2,1,8:02 PM,2:51,Durant S.FOUL (P1.T3) (J.Goble),,,,,4,201142,Kevin Durant,1610612751.0,Brooklyn,Nets,BKN,5,202695,Kawhi Leonard,1610612746.0,LA,Clippers,LAC,1,0,,,,,,1
74,0022000324,107,9,1,1,8:03 PM,2:51,,,Clippers Timeout: Regular (Reg.1 Short 0),,,3,1610612746,,,,,,0,0,,,,,,0,0,,,,,,0
75,0022000324,108,8,0,1,8:04 PM,2:51,SUB: Jordan FOR Green,,,,,4,201145,Jeff Green,1610612751.0,Brooklyn,Nets,BKN,4,201599,DeAndre Jordan,1610612751.0,Brooklyn,Nets,BKN,0,0,,,,,,0
76,0022000324,109,8,0,1,8:04 PM,2:51,SUB: Brown FOR Harden,,,,,4,201935,James Harden,1610612751.0,Brooklyn,Nets,BKN,4,1628971,Bruce Brown,1610612751.0,Brooklyn,Nets,BKN,0,0,,,,,,0
77,0022000324,110,8,0,1,8:04 PM,2:51,,,SUB: Morris Sr. FOR Ibaka,,,5,201586,Serge Ibaka,1610612746.0,LA,Clippers,LAC,5,202694,Marcus Morris Sr.,1610612746.0,LA,Clippers,LAC,0,0,,,,,,0
78,0022000324,111,8,0,1,8:04 PM,2:51,,,SUB: Zubac FOR Batum,,,5,201587,Nicolas Batum,1610612746.0,LA,Clippers,LAC,5,1627826,Ivica Zubac,1610612746.0,LA,Clippers,LAC,0,0,,,,,,0
79,0022000324,116,3,11,1,8:06 PM,2:51,,,Leonard Free Throw 1 of 2 (9 PTS),23 - 16,-7,5,202695,Kawhi Leonard,1610612746.0,LA,Clippers,LAC,0,0,,,,,,0,0,,,,,,1
80,0022000324,117,3,12,1,8:06 PM,2:51,,,Leonard Free Throw 2 of 2 (10 PTS),24 - 16,-8,5,202695,Kawhi Leonard,1610612746.0,LA,Clippers,LAC,0,0,,,,,,0,0,,,,,,1
81,0022000324,118,5,2,1,8:06 PM,2:37,Durant Lost Ball Turnover (P3.T4),,Leonard STEAL (2 STL),,,4,201142,Kevin Durant,1610612751.0,Brooklyn,Nets,BKN,5,202695,Kawhi Leonard,1610612746.0,LA,Clippers,LAC,0,0,,,,,,1
82,0022000324,121,6,2,1,8:07 PM,2:21,Durant S.FOUL (P2.T4) (B.Adair),,,,,4,201142,Kevin Durant,1610612751.0,Brooklyn,Nets,BKN,5,202695,Kawhi Leonard,1610612746.0,LA,Clippers,LAC,1,0,,,,,,1
83,0022000324,123,3,11,1,8:07 PM,2:21,,,Leonard Free Throw 1 of 2 (11 PTS),25 - 16,-9,5,202695,Kawhi Leonard,1610612746.0,LA,Clippers,LAC,0,0,,,,,,0,0,,,,,,1
84,0022000324,124,3,12,1,8:08 PM,2:21,,,Leonard Free Throw 2 of 2 (12 PTS),26 - 16,-10,5,202695,Kawhi Leonard,1610612746.0,LA,Clippers,LAC,0,0,,,,,,0,0,,,,,,1
85,0022000324,125,1,79,1,8:08 PM,2:11,Irving 21' Pullup Jump Shot (5 PTS),,,26 - 18,-8,4,202681,Kyrie Irving,1610612751.0,Brooklyn,Nets,BKN,0,0,,,,,,0,0,,,,,,1
86,0022000324,126,1,1,1,8:08 PM,1:48,,,Jackson 25' 3PT Jump Shot (3 PTS) (Leonard 4 AST),29 - 18,-11,5,202704,Reggie Jackson,1610612746.0,LA,Clippers,LAC,5,202695,Kawhi Leonard,1610612746.0,LA,Clippers,LAC,0,0,,,,,,1
87,0022000324,128,1,79,1,8:09 PM,1:31,Irving 22' Pullup Jump Shot (7 PTS),,,29 - 20,-9,4,202681,Kyrie Irving,1610612751.0,Brooklyn,Nets,BKN,0,0,,,,,,0,0,,,,,,1
88,0022000324,129,5,1,1,8:09 PM,1:10,Jordan STEAL (1 STL),,Jackson Bad Pass Turnover (P2.T3),,,5,202704,Reggie Jackson,1610612746.0,LA,Clippers,LAC,4,201599,DeAndre Jordan,1610612751.0,Brooklyn,Nets,BKN,0,0,,,,,,1
89,0022000324,132,8,0,1,8:09 PM,1:05,SUB: Shamet FOR Durant,,,,,4,201142,Kevin Durant,1610612751.0,Brooklyn,Nets,BKN,4,1629013,Landry Shamet,1610612751.0,Brooklyn,Nets,BKN,0,0,,,,,,0
90,0022000324,133,8,0,1,8:09 PM,1:05,,,SUB: Williams FOR Kennard,,,5,1628379,Luke Kennard,1610612746.0,LA,Clippers,LAC,5,101150,Lou Williams,1610612746.0,LA,Clippers,LAC,0,0,,,,,,0
91,0022000324,136,1,79,1,8:09 PM,0:54,Irving 12' Pullup Jump Shot (9 PTS) (Jordan 1 AST),,,29 - 22,-7,4,202681,Kyrie Irving,1610612751.0,Brooklyn,Nets,BKN,4,201599,DeAndre Jordan,1610612751.0,Brooklyn,Nets,BKN,0,0,,,,,,1
92,0022000324,138,5,39,1,8:10 PM,0:37,,,Williams Step Out of Bounds Turnover (P1.T4),,,5,101150,Lou Williams,1610612746.0,LA,Clippers,LAC,0,0,,,,,,1,0,,,,,,1
93,0022000324,139,2,79,1,8:10 PM,0:31,MISS Irving 27' 3PT Pullup Jump Shot,,,,,4,202681,Kyrie Irving,1610612751.0,Brooklyn,Nets,BKN,0,0,,,,,,0,0,,,,,,1
94,0022000324,140,4,0,1,8:10 PM,0:29,,,Zubac REBOUND (Off:0 Def:1),,,5,1627826,Ivica Zubac,1610612746.0,LA,Clippers,LAC,0,0,,,,,,0,0,,,,,,1
95,0022000324,141,1,1,1,8:10 PM,0:09,,,Jackson  3PT Jump Shot (6 PTS) (Williams 1 AST),32 - 22,-10,5,202704,Reggie Jackson,1610612746.0,LA,Clippers,LAC,5,101150,Lou Williams,1610612746.0,LA,Clippers,LAC,0,0,,,,,,1
96,0022000324,143,1,108,1,8:11 PM,0:01,Jordan 1' Cutting Dunk Shot (2 PTS) (Irving 1 AST),,,32 - 24,-8,4,201599,DeAndre Jordan,1610612751.0,Brooklyn,Nets,BKN,4,202681,Kyrie Irving,1610612751.0,Brooklyn,Nets,BKN,0,0,,,,,,1
97,0022000324,145,13,0,1,8:11 PM,0:00,,,,32 - 24,-8,0,0,,,,,,0,0,,,,,,0,0,,,,,,1
98,0022000324,152,12,0,2,8:14 PM,12:00,,,,32 - 24,-8,0,0,,,,,,0,0,,,,,,0,0,,,,,,0
99,0022000324,153,1,1,2,8:15 PM,11:50,Harris 24' 3PT Jump Shot (5 PTS) (Shamet 1 AST),,,32 - 27,-5,4,203925,Joe Harris,1610612751.0,Brooklyn,Nets,BKN,4,1629013,Landry Shamet,1610612751.0,Brooklyn,Nets,BKN,0,0,,,,,,1
100,0022000324,155,1,79,2,8:15 PM,11:36,,,Morris Sr. 13' Pullup Jump Shot (2 PTS),34 - 27,-7,5,202694,Marcus Morris Sr.,1610612746.0,LA,Clippers,LAC,0,0,,,,,,0,0,,,,,,1
101,0022000324,156,2,1,2,8:15 PM,11:17,MISS Harris 26' 3PT Jump Shot,,,,,4,203925,Joe Harris,1610612751.0,Brooklyn,Nets,BKN,0,0,,,,,,0,0,,,,,,1
102,0022000324,157,4,0,2,8:15 PM,11:14,Shamet REBOUND (Off:1 Def:0),,,,,4,1629013,Landry Shamet,1610612751.0,Brooklyn,Nets,BKN,0,0,,,,,,0,0,,,,,,1
103,0022000324,158,1,1,2,8:15 PM,11:12,Harris 26' 3PT Jump Shot (8 PTS) (Brown 1 AST),,,34 - 30,-4,4,203925,Joe Harris,1610612751.0,Brooklyn,Nets,BKN,4,1628971,Bruce Brown,1610612751.0,Brooklyn,Nets,BKN,0,0,,,,,,1
104,0022000324,160,2,63,2,8:15 PM,11:00,,,MISS Williams 10' Fadeaway Jumper,,,5,101150,Lou Williams,1610612746.0,LA,Clippers,LAC,0,0,,,,,,0,0,,,,,,1
105,0022000324,161,4,0,2,8:15 PM,10:58,Harden REBOUND (Off:0 Def:3),,,,,4,201935,James Harden,1610612751.0,Brooklyn,Nets,BKN,0,0,,,,,,0,0,,,,,,1
106,0022000324,163,2,52,2,8:16 PM,10:44,MISS Jordan 1' Alley Oop Dunk,,,,,4,201599,DeAndre Jordan,1610612751.0,Brooklyn,Nets,BKN,0,0,,,,,,0,0,,,,,,1
107,0022000324,164,4,0,2,8:16 PM,10:40,,,Morris Sr. REBOUND (Off:0 Def:1),,,5,202694,Marcus Morris Sr.,1610612746.0,LA,Clippers,LAC,0,0,,,,,,0,0,,,,,,1
108,0022000324,166,2,86,2,8:16 PM,10:32,,,MISS George 9' Turnaround Fadeaway Shot,,,5,202331,Paul George,1610612746.0,LA,Clippers,LAC,0,0,,,,,,0,0,,,,,,1
109,0022000324,167,4,0,2,8:16 PM,10:29,Jordan REBOUND (Off:0 Def:1),,,,,4,201599,DeAndre Jordan,1610612751.0,Brooklyn,Nets,BKN,0,0,,,,,,0,0,,,,,,1
110,0022000324,169,6,1,2,8:16 PM,10:23,,,George P.FOUL (P2.T1) (B.Adair),,,5,202331,Paul George,1610612746.0,LA,Clippers,LAC,4,201935,James Harden,1610612751.0,Brooklyn,Nets,BKN,1,0,,,,,,1
111,0022000324,171,1,52,2,8:17 PM,10:17,Jordan  Alley Oop Dunk (4 PTS) (Harden 4 AST),,,34 - 32,-2,4,201599,DeAndre Jordan,1610612751.0,Brooklyn,Nets,BKN,4,201935,James Harden,1610612751.0,Brooklyn,Nets,BKN,0,0,,,,,,1
112,0022000324,173,9,1,2,8:17 PM,10:17,,,Clippers Timeout: Regular (Reg.2 Short 0),,,3,1610612746,,,,,,0,0,,,,,,0,0,,,,,,0
113,0022000324,174,8,0,2,8:20 PM,10:17,,,SUB: Batum FOR Jackson,,,5,202704,Reggie Jackson,1610612746.0,LA,Clippers,LAC,5,201587,Nicolas Batum,1610612746.0,LA,Clippers,LAC,0,0,,,,,,0
114,0022000324,176,1,79,2,8:20 PM,10:03,,,Williams 20' Pullup Jump Shot (2 PTS),36 - 32,-4,5,101150,Lou Williams,1610612746.0,LA,Clippers,LAC,0,0,,,,,,0,0,,,,,,1
115,0022000324,177,1,98,2,8:21 PM,9:46,Shamet 2' Cutting Layup Shot (2 PTS) (Jordan 2 AST),,,36 - 34,-2,4,1629013,Landry Shamet,1610612751.0,Brooklyn,Nets,BKN,4,201599,DeAndre Jordan,1610612751.0,Brooklyn,Nets,BKN,0,0,,,,,,1
116,0022000324,179,6,4,2,8:21 PM,9:30,,,Zubac OFF.Foul (P1) (J.Goble),,,5,1627826,Ivica Zubac,1610612746.0,LA,Clippers,LAC,4,203925,Joe Harris,1610612751.0,Brooklyn,Nets,BKN,1,0,,,,,,1
117,0022000324,181,5,37,2,8:21 PM,9:30,,,Zubac Offensive Foul Turnover (P1.T5),,,5,1627826,Ivica Zubac,1610612746.0,LA,Clippers,LAC,0,0,,,,,,1,0,,,,,,1
118,0022000324,182,2,80,2,8:21 PM,9:18,MISS Harden 27' 3PT Step Back Jump Shot,,,,,4,201935,James Harden,1610612751.0,Brooklyn,Nets,BKN,0,0,,,,,,0,0,,,,,,1
119,0022000324,183,4,0,2,8:22 PM,9:14,,,Morris Sr. REBOUND (Off:0 Def:2),,,5,202694,Marcus Morris Sr.,1610612746.0,LA,Clippers,LAC,0,0,,,,,,0,0,,,,,,1
120,0022000324,184,2,63,2,8:22 PM,9:08,,,MISS Williams 10' Fadeaway Jumper,,,5,101150,Lou Williams,1610612746.0,LA,Clippers,LAC,0,0,,,,,,0,0,,,,,,1
121,0022000324,185,4,0,2,8:22 PM,9:04,,,Zubac REBOUND (Off:2 Def:1),,,5,1627826,Ivica Zubac,1610612746.0,LA,Clippers,LAC,0,0,,,,,,0,0,,,,,,1
122,0022000324,186,2,97,2,8:22 PM,9:04,,,MISS Zubac  Tip Layup Shot,,,5,1627826,Ivica Zubac,1610612746.0,LA,Clippers,LAC,0,0,,,,,,0,0,,,,,,1
123,0022000324,187,4,0,2,8:22 PM,9:04,,,Zubac REBOUND (Off:2 Def:1),,,5,1627826,Ivica Zubac,1610612746.0,LA,Clippers,LAC,0,0,,,,,,0,0,,,,,,1
124,0022000324,188,2,86,2,8:22 PM,8:55,,,MISS Morris Sr. 11' Turnaround Fadeaway Shot,,,5,202694,Marcus Morris Sr.,1610612746.0,LA,Clippers,LAC,0,0,,,,,,0,0,,,,,,1
125,0022000324,189,4,0,2,8:22 PM,8:53,Harden REBOUND (Off:0 Def:4),,,,,4,201935,James Harden,1610612751.0,Brooklyn,Nets,BKN,0,0,,,,,,0,0,,,,,,1
126,0022000324,190,2,1,2,8:22 PM,8:46,MISS Shamet 29' 3PT Jump Shot,,,,,4,1629013,Landry Shamet,1610612751.0,Brooklyn,Nets,BKN,0,0,,,,,,0,0,,,,,,1
127,0022000324,191,4,0,2,8:22 PM,8:42,,,Morris Sr. REBOUND (Off:0 Def:3),,,5,202694,Marcus Morris Sr.,1610612746.0,LA,Clippers,LAC,0,0,,,,,,0,0,,,,,,1
128,0022000324,192,1,79,2,8:22 PM,8:35,,,George 26' 3PT Pullup Jump Shot (7 PTS),39 - 34,-5,5,202331,Paul George,1610612746.0,LA,Clippers,LAC,0,0,,,,,,0,0,,,,,,1
129,0022000324,193,5,2,2,8:23 PM,8:12,Brown Lost Ball Turnover (P1.T5),,Morris Sr. STEAL (1 STL),,,4,1628971,Bruce Brown,1610612751.0,Brooklyn,Nets,BKN,5,202694,Marcus Morris Sr.,1610612746.0,LA,Clippers,LAC,0,0,,,,,,1
130,0022000324,196,5,2,2,8:23 PM,8:00,Brown STEAL (1 STL),,George Lost Ball Turnover (P2.T6),,,5,202331,Paul George,1610612746.0,LA,Clippers,LAC,4,1628971,Bruce Brown,1610612751.0,Brooklyn,Nets,BKN,0,0,,,,,,1
131,0022000324,198,1,52,2,8:23 PM,7:36,Jordan 1' Alley Oop Dunk (6 PTS) (Harden 5 AST),,,39 - 36,-3,4,201599,DeAndre Jordan,1610612751.0,Brooklyn,Nets,BKN,4,201935,James Harden,1610612751.0,Brooklyn,Nets,BKN,0,0,,,,,,1
132,0022000324,200,2,101,2,8:24 PM,7:18,,,MISS Williams 12' Driving Floating Jump Shot,,,5,101150,Lou Williams,1610612746.0,LA,Clippers,LAC,0,0,,,,,,0,0,,,,,,1
133,0022000324,201,4,0,2,8:24 PM,7:15,Jordan REBOUND (Off:0 Def:2),,,,,4,201599,DeAndre Jordan,1610612751.0,Brooklyn,Nets,BKN,0,0,,,,,,0,0,,,,,,1
134,0022000324,202,6,2,2,8:24 PM,7:12,,,Zubac S.FOUL (P2.T2) (J.Goble),,,5,1627826,Ivica Zubac,1610612746.0,LA,Clippers,LAC,4,201935,James Harden,1610612751.0,Brooklyn,Nets,BKN,1,0,,,,,,1
135,0022000324,204,3,11,2,8:25 PM,7:12,Harden Free Throw 1 of 2 (5 PTS),,,39 - 37,-2,4,201935,James Harden,1610612751.0,Brooklyn,Nets,BKN,0,0,,,,,,0,0,,,,,,1
136,0022000324,205,8,0,2,8:25 PM,7:12,SUB: Durant FOR Shamet,,,,,4,1629013,Landry Shamet,1610612751.0,Brooklyn,Nets,BKN,4,201142,Kevin Durant,1610612751.0,Brooklyn,Nets,BKN,0,0,,,,,,0
137,0022000324,206,8,0,2,8:25 PM,7:12,,,SUB: Leonard FOR Zubac,,,5,1627826,Ivica Zubac,1610612746.0,LA,Clippers,LAC,5,202695,Kawhi Leonard,1610612746.0,LA,Clippers,LAC,0,0,,,,,,0
138,0022000324,209,8,0,2,8:25 PM,7:12,SUB: Green FOR Jordan,,,,,4,201599,DeAndre Jordan,1610612751.0,Brooklyn,Nets,BKN,4,201145,Jeff Green,1610612751.0,Brooklyn,Nets,BKN,0,0,,,,,,0
139,0022000324,211,3,12,2,8:25 PM,7:12,Harden Free Throw 2 of 2 (6 PTS),,,39 - 38,-1,4,201935,James Harden,1610612751.0,Brooklyn,Nets,BKN,0,0,,,,,,0,0,,,,,,1
140,0022000324,212,1,79,2,8:25 PM,6:58,,,Leonard 17' Pullup Jump Shot (14 PTS),41 - 38,-3,5,202695,Kawhi Leonard,1610612746.0,LA,Clippers,LAC,0,0,,,,,,0,0,,,,,,1
141,0022000324,213,5,1,2,8:26 PM,6:48,Harden Bad Pass Turnover (P1.T6),,Batum STEAL (1 STL),,,4,201935,James Harden,1610612751.0,Brooklyn,Nets,BKN,5,201587,Nicolas Batum,1610612746.0,LA,Clippers,LAC,0,0,,,,,,1
142,0022000324,215,2,6,2,8:26 PM,6:40,,,MISS Leonard 3' Driving Layup,,,5,202695,Kawhi Leonard,1610612746.0,LA,Clippers,LAC,0,0,,,,,,0,0,,,,,,1
143,0022000324,216,4,0,2,8:26 PM,6:37,Durant REBOUND (Off:0 Def:2),,,,,4,201142,Kevin Durant,1610612751.0,Brooklyn,Nets,BKN,0,0,,,,,,0,0,,,,,,1
144,0022000324,217,5,2,2,8:26 PM,6:36,Durant Lost Ball Turnover (P4.T7),,Williams STEAL (1 STL),,,4,201142,Kevin Durant,1610612751.0,Brooklyn,Nets,BKN,5,101150,Lou Williams,1610612746.0,LA,Clippers,LAC,0,0,,,,,,1
145,0022000324,219,2,6,2,8:26 PM,6:32,,,MISS George 3' Driving Layup,,,5,202331,Paul George,1610612746.0,LA,Clippers,LAC,0,0,,,,,,0,0,,,,,,1
146,0022000324,220,4,0,2,8:26 PM,6:28,Durant REBOUND (Off:0 Def:3),,,,,4,201142,Kevin Durant,1610612751.0,Brooklyn,Nets,BKN,0,0,,,,,,0,0,,,,,,1
147,0022000324,221,2,1,2,8:26 PM,6:25,MISS Green  3PT Jump Shot,,,,,4,201145,Jeff Green,1610612751.0,Brooklyn,Nets,BKN,0,0,,,,,,0,0,,,,,,1
148,0022000324,222,4,0,2,8:26 PM,6:22,,,Leonard REBOUND (Off:0 Def:1),,,5,202695,Kawhi Leonard,1610612746.0,LA,Clippers,LAC,0,0,,,,,,0,0,,,,,,1
149,0022000324,223,1,43,2,8:26 PM,6:01,,,Batum 1' Alley Oop Layup (8 PTS) (Williams 2 AST),43 - 38,-5,5,201587,Nicolas Batum,1610612746.0,LA,Clippers,LAC,5,101150,Lou Williams,1610612746.0,LA,Clippers,LAC,0,0,,,,,,1
150,0022000324,225,1,1,2,8:27 PM,5:46,Green 26' 3PT Jump Shot (3 PTS) (Harris 1 AST),,,43 - 41,-2,4,201145,Jeff Green,1610612751.0,Brooklyn,Nets,BKN,4,203925,Joe Harris,1610612751.0,Brooklyn,Nets,BKN,0,0,,,,,,1
151,0022000324,227,1,98,2,8:27 PM,5:24,,,Batum 2' Cutting Layup Shot (10 PTS) (George 1 AST),45 - 41,-4,5,201587,Nicolas Batum,1610612746.0,LA,Clippers,LAC,5,202331,Paul George,1610612746.0,LA,Clippers,LAC,0,0,,,,,,1
152,0022000324,229,1,79,2,8:27 PM,5:07,Durant 8' Pullup Jump Shot (9 PTS),,,45 - 43,-2,4,201142,Kevin Durant,1610612751.0,Brooklyn,Nets,BKN,0,0,,,,,,0,0,,,,,,1
153,0022000324,230,1,5,2,8:28 PM,4:51,,,George 1' Layup (9 PTS),47 - 43,-4,5,202331,Paul George,1610612746.0,LA,Clippers,LAC,0,0,,,,,,0,0,,,,,,1
154,0022000324,231,2,101,2,8:28 PM,4:34,MISS Harden 4' Driving Floating Jump Shot,,,,,4,201935,James Harden,1610612751.0,Brooklyn,Nets,BKN,0,0,,,,,,0,0,,,,,,1
155,0022000324,232,4,0,2,8:28 PM,4:34,NETS Rebound,,,,,2,1610612751,,,,,,0,0,,,,,,0,0,,,,,,0
156,0022000324,234,8,0,2,8:28 PM,4:34,SUB: Irving FOR Brown,,,,,4,1628971,Bruce Brown,1610612751.0,Brooklyn,Nets,BKN,4,202681,Kyrie Irving,1610612751.0,Brooklyn,Nets,BKN,0,0,,,,,,0
157,0022000324,235,8,0,2,8:28 PM,4:34,,,SUB: Ibaka FOR George,,,5,202331,Paul George,1610612746.0,LA,Clippers,LAC,5,201586,Serge Ibaka,1610612746.0,LA,Clippers,LAC,0,0,,,,,,0
158,0022000324,236,8,0,2,8:28 PM,4:34,,,SUB: Jackson FOR Williams,,,5,101150,Lou Williams,1610612746.0,LA,Clippers,LAC,5,202704,Reggie Jackson,1610612746.0,LA,Clippers,LAC,0,0,,,,,,0
159,0022000324,240,2,1,2,8:29 PM,4:28,MISS Green 26' 3PT Jump Shot,,,,,4,201145,Jeff Green,1610612751.0,Brooklyn,Nets,BKN,0,0,,,,,,0,0,,,,,,1
160,0022000324,241,4,0,2,8:29 PM,4:24,,,Jackson REBOUND (Off:0 Def:2),,,5,202704,Reggie Jackson,1610612746.0,LA,Clippers,LAC,0,0,,,,,,0,0,,,,,,1
161,0022000324,242,1,41,2,8:29 PM,4:21,,,Jackson 4' Running Layup (8 PTS),49 - 43,-6,5,202704,Reggie Jackson,1610612746.0,LA,Clippers,LAC,0,0,,,,,,0,0,,,,,,1
162,0022000324,243,6,2,2,8:29 PM,4:21,Harris S.FOUL (P1.T1) (J.Goble),,,,,4,203925,Joe Harris,1610612751.0,Brooklyn,Nets,BKN,5,202704,Reggie Jackson,1610612746.0,LA,Clippers,LAC,1,0,,,,,,1
163,0022000324,245,8,0,2,8:29 PM,4:21,SUB: Luwawu-Cabarrot FOR Harris,,,,,4,203925,Joe Harris,1610612751.0,Brooklyn,Nets,BKN,4,1627789,Timothe Luwawu-Cabarrot,1610612751.0,Brooklyn,Nets,BKN,0,0,,,,,,0
164,0022000324,247,3,10,2,8:29 PM,4:21,,,Jackson Free Throw 1 of 1 (9 PTS),50 - 43,-7,5,202704,Reggie Jackson,1610612746.0,LA,Clippers,LAC,0,0,,,,,,0,0,,,,,,1
165,0022000324,248,1,101,2,8:30 PM,4:05,Irving 6' Driving Floating Jump Shot (11 PTS),,,50 - 45,-5,4,202681,Kyrie Irving,1610612751.0,Brooklyn,Nets,BKN,0,0,,,,,,0,0,,,,,,1
166,0022000324,249,1,1,2,8:30 PM,3:46,,,Morris Sr. 26' 3PT Jump Shot (5 PTS) (Leonard 5 AST),53 - 45,-8,5,202694,Marcus Morris Sr.,1610612746.0,LA,Clippers,LAC,5,202695,Kawhi Leonard,1610612746.0,LA,Clippers,LAC,0,0,,,,,,1
167,0022000324,251,2,6,2,8:30 PM,3:35,MISS Irving 5' Driving Layup,,Ibaka BLOCK (1 BLK),,,4,202681,Kyrie Irving,1610612751.0,Brooklyn,Nets,BKN,0,0,,,,,,5,201586,Serge Ibaka,1610612746.0,LA,Clippers,LAC,1
168,0022000324,253,4,0,2,8:30 PM,3:32,,,Jackson REBOUND (Off:0 Def:3),,,5,202704,Reggie Jackson,1610612746.0,LA,Clippers,LAC,0,0,,,,,,0,0,,,,,,1
169,0022000324,254,1,1,2,8:30 PM,3:28,,,Morris Sr.  3PT Jump Shot (8 PTS) (Jackson 1 AST),56 - 45,-11,5,202694,Marcus Morris Sr.,1610612746.0,LA,Clippers,LAC,5,202704,Reggie Jackson,1610612746.0,LA,Clippers,LAC,0,0,,,,,,1
170,0022000324,256,9,1,2,8:30 PM,3:26,NETS Timeout: Regular (Full 2 Short 0),,,,,2,1610612751,,,,,,0,0,,,,,,0,0,,,,,,0
171,0022000324,257,1,1,2,8:34 PM,3:15,Durant 18' Jump Shot (11 PTS) (Harden 6 AST),,,56 - 47,-9,4,201142,Kevin Durant,1610612751.0,Brooklyn,Nets,BKN,4,201935,James Harden,1610612751.0,Brooklyn,Nets,BKN,0,0,,,,,,1
172,0022000324,259,2,1,2,8:34 PM,2:56,,,MISS Leonard 13' Jump Shot,,,5,202695,Kawhi Leonard,1610612746.0,LA,Clippers,LAC,0,0,,,,,,0,0,,,,,,1
173,0022000324,260,4,0,2,8:34 PM,2:51,,,Batum REBOUND (Off:2 Def:1),,,5,201587,Nicolas Batum,1610612746.0,LA,Clippers,LAC,0,0,,,,,,0,0,,,,,,1
174,0022000324,261,2,73,2,8:34 PM,2:48,,,MISS Jackson 3' Driving Reverse Layup,,,5,202704,Reggie Jackson,1610612746.0,LA,Clippers,LAC,0,0,,,,,,0,0,,,,,,1
175,0022000324,262,4,0,2,8:35 PM,2:46,Harden REBOUND (Off:0 Def:5),,,,,4,201935,James Harden,1610612751.0,Brooklyn,Nets,BKN,0,0,,,,,,0,0,,,,,,1
176,0022000324,263,1,74,2,8:35 PM,2:43,Irving 2' Running Reverse Layup (13 PTS) (Harden 7 AST),,,56 - 49,-7,4,202681,Kyrie Irving,1610612751.0,Brooklyn,Nets,BKN,4,201935,James Harden,1610612751.0,Brooklyn,Nets,BKN,0,0,,,,,,1
177,0022000324,265,2,79,2,8:35 PM,2:28,,,MISS Leonard 8' Pullup Jump Shot,,,5,202695,Kawhi Leonard,1610612746.0,LA,Clippers,LAC,0,0,,,,,,0,0,,,,,,1
178,0022000324,266,4,0,2,8:35 PM,2:26,Durant REBOUND (Off:0 Def:4),,,,,4,201142,Kevin Durant,1610612751.0,Brooklyn,Nets,BKN,0,0,,,,,,0,0,,,,,,1
179,0022000324,267,6,2,2,8:35 PM,2:12,,,Ibaka S.FOUL (P1.T3) (J.Goble),,,5,201586,Serge Ibaka,1610612746.0,LA,Clippers,LAC,4,201145,Jeff Green,1610612751.0,Brooklyn,Nets,BKN,1,0,,,,,,1
180,0022000324,269,3,11,2,8:36 PM,2:12,Green Free Throw 1 of 2 (4 PTS),,,56 - 50,-6,4,201145,Jeff Green,1610612751.0,Brooklyn,Nets,BKN,0,0,,,,,,0,0,,,,,,1
181,0022000324,270,8,0,2,8:36 PM,2:12,SUB: Harris FOR Luwawu-Cabarrot,,,,,4,1627789,Timothe Luwawu-Cabarrot,1610612751.0,Brooklyn,Nets,BKN,4,203925,Joe Harris,1610612751.0,Brooklyn,Nets,BKN,0,0,,,,,,0
182,0022000324,272,3,12,2,8:36 PM,2:12,Green Free Throw 2 of 2 (5 PTS),,,56 - 51,-5,4,201145,Jeff Green,1610612751.0,Brooklyn,Nets,BKN,0,0,,,,,,0,0,,,,,,1
183,0022000324,273,2,1,2,8:36 PM,1:52,,,MISS Jackson  3PT Jump Shot,,,5,202704,Reggie Jackson,1610612746.0,LA,Clippers,LAC,0,0,,,,,,0,0,,,,,,1
184,0022000324,274,4,0,2,8:36 PM,1:49,,,Ibaka REBOUND (Off:3 Def:5),,,5,201586,Serge Ibaka,1610612746.0,LA,Clippers,LAC,0,0,,,,,,0,0,,,,,,1
185,0022000324,275,1,57,2,8:36 PM,1:44,,,Ibaka 5' Driving Hook Shot (6 PTS),58 - 51,-7,5,201586,Serge Ibaka,1610612746.0,LA,Clippers,LAC,0,0,,,,,,0,0,,,,,,1
186,0022000324,276,2,101,2,8:37 PM,1:35,MISS Durant 10' Driving Floating Jump Shot,,,,,4,201142,Kevin Durant,1610612751.0,Brooklyn,Nets,BKN,0,0,,,,,,0,0,,,,,,1
187,0022000324,277,4,0,2,8:37 PM,1:33,,,Ibaka REBOUND (Off:3 Def:6),,,5,201586,Serge Ibaka,1610612746.0,LA,Clippers,LAC,0,0,,,,,,0,0,,,,,,1
188,0022000324,278,2,86,2,8:37 PM,1:21,,,MISS Ibaka 13' Turnaround Fadeaway Shot,,,5,201586,Serge Ibaka,1610612746.0,LA,Clippers,LAC,0,0,,,,,,0,0,,,,,,1
189,0022000324,279,4,0,2,8:37 PM,1:19,Durant REBOUND (Off:0 Def:5),,,,,4,201142,Kevin Durant,1610612751.0,Brooklyn,Nets,BKN,0,0,,,,,,0,0,,,,,,1
190,0022000324,280,2,79,2,8:37 PM,1:14,MISS Durant 15' Pullup Jump Shot,,,,,4,201142,Kevin Durant,1610612751.0,Brooklyn,Nets,BKN,0,0,,,,,,0,0,,,,,,1
191,0022000324,281,4,0,2,8:37 PM,1:12,,,Leonard REBOUND (Off:0 Def:2),,,5,202695,Kawhi Leonard,1610612746.0,LA,Clippers,LAC,0,0,,,,,,0,0,,,,,,1
192,0022000324,282,2,1,2,8:37 PM,1:01,,,MISS Jackson  3PT Jump Shot,,,5,202704,Reggie Jackson,1610612746.0,LA,Clippers,LAC,0,0,,,,,,0,0,,,,,,1
193,0022000324,283,4,0,2,8:37 PM,0:58,Harden REBOUND (Off:0 Def:6),,,,,4,201935,James Harden,1610612751.0,Brooklyn,Nets,BKN,0,0,,,,,,0,0,,,,,,1
194,0022000324,284,1,41,2,8:37 PM,0:55,Harris 1' Running Layup (10 PTS) (Harden 8 AST),,,58 - 53,-5,4,203925,Joe Harris,1610612751.0,Brooklyn,Nets,BKN,4,201935,James Harden,1610612751.0,Brooklyn,Nets,BKN,0,0,,,,,,1
195,0022000324,286,2,102,2,8:38 PM,0:41,,,MISS Leonard 6' Driving Floating Bank Jump Shot,,,5,202695,Kawhi Leonard,1610612746.0,LA,Clippers,LAC,0,0,,,,,,0,0,,,,,,1
196,0022000324,287,4,0,2,8:38 PM,0:39,Green REBOUND (Off:0 Def:3),,,,,4,201145,Jeff Green,1610612751.0,Brooklyn,Nets,BKN,0,0,,,,,,0,0,,,,,,1
197,0022000324,288,1,76,2,8:38 PM,0:35,Harden  Running Finger Roll Layup (8 PTS),,,58 - 55,-3,4,201935,James Harden,1610612751.0,Brooklyn,Nets,BKN,0,0,,,,,,0,0,,,,,,1
198,0022000324,289,2,58,2,8:38 PM,0:19,,,MISS Ibaka 8' Turnaround Hook Shot,,,5,201586,Serge Ibaka,1610612746.0,LA,Clippers,LAC,0,0,,,,,,0,0,,,,,,1
199,0022000324,290,4,0,2,8:38 PM,0:17,Durant REBOUND (Off:0 Def:6),,,,,4,201142,Kevin Durant,1610612751.0,Brooklyn,Nets,BKN,0,0,,,,,,0,0,,,,,,1
200,0022000324,291,1,6,2,8:38 PM,0:08,Irving 3' Driving Layup (15 PTS) (Harden 9 AST),,,58 - 57,-1,4,202681,Kyrie Irving,1610612751.0,Brooklyn,Nets,BKN,4,201935,James Harden,1610612751.0,Brooklyn,Nets,BKN,0,0,,,,,,1
201,0022000324,292,2,79,2,8:39 PM,0:00,,,MISS Morris Sr. 27' 3PT Pullup Jump Shot,,,5,202694,Marcus Morris Sr.,1610612746.0,LA,Clippers,LAC,0,0,,,,,,0,0,,,,,,1
202,0022000324,293,4,0,2,8:39 PM,0:00,,,Clippers Rebound,,,3,1610612746,,,,,,0,0,,,,,,0,0,,,,,,0
203,0022000324,294,13,0,2,8:39 PM,0:00,,,,58 - 57,-1,0,0,,,,,,0,0,,,,,,0,0,,,,,,1
204,0022000324,298,12,0,3,8:55 PM,12:00,,,,58 - 57,-1,0,0,,,,,,0,0,,,,,,0,0,,,,,,0
205,0022000324,299,1,79,3,8:56 PM,11:42,Irving 10' Pullup Jump Shot (17 PTS) (Harris 2 AST),,,58 - 59,1,4,202681,Kyrie Irving,1610612751.0,Brooklyn,Nets,BKN,4,203925,Joe Harris,1610612751.0,Brooklyn,Nets,BKN,0,0,,,,,,1
206,0022000324,300,1,5,3,8:56 PM,11:23,,,Leonard 2' Layup (16 PTS),60 - 59,-1,5,202695,Kawhi Leonard,1610612746.0,LA,Clippers,LAC,0,0,,,,,,0,0,,,,,,1
207,0022000324,301,1,79,3,8:56 PM,11:07,Irving 25' 3PT Pullup Jump Shot (20 PTS),,,60 - 62,2,4,202681,Kyrie Irving,1610612751.0,Brooklyn,Nets,BKN,0,0,,,,,,0,0,,,,,,1
208,0022000324,302,2,1,3,8:56 PM,10:45,,,MISS Jackson  3PT Jump Shot,,,5,202704,Reggie Jackson,1610612746.0,LA,Clippers,LAC,0,0,,,,,,0,0,,,,,,1
209,0022000324,303,4,0,3,8:57 PM,10:43,Harden REBOUND (Off:0 Def:7),,,,,4,201935,James Harden,1610612751.0,Brooklyn,Nets,BKN,0,0,,,,,,0,0,,,,,,1
210,0022000324,304,6,1,3,8:57 PM,10:37,,,Jackson P.FOUL (P1.T1) (J.Goble),,,5,202704,Reggie Jackson,1610612746.0,LA,Clippers,LAC,4,201935,James Harden,1610612751.0,Brooklyn,Nets,BKN,1,0,,,,,,1
211,0022000324,306,1,79,3,8:57 PM,10:28,Durant 12' Pullup Jump Shot (13 PTS) (Harden 10 AST),,,60 - 64,4,4,201142,Kevin Durant,1610612751.0,Brooklyn,Nets,BKN,4,201935,James Harden,1610612751.0,Brooklyn,Nets,BKN,0,0,,,,,,1
212,0022000324,308,2,86,3,8:57 PM,10:09,,,MISS George 9' Turnaround Fadeaway Shot,,,5,202331,Paul George,1610612746.0,LA,Clippers,LAC,0,0,,,,,,0,0,,,,,,1
213,0022000324,309,4,0,3,8:57 PM,10:08,NETS Rebound,,,,,2,1610612751,,,,,,0,0,,,,,,0,0,,,,,,0
214,0022000324,311,2,6,3,8:58 PM,9:53,MISS Harden 5' Driving Layup,,Ibaka BLOCK (2 BLK),,,4,201935,James Harden,1610612751.0,Brooklyn,Nets,BKN,0,0,,,,,,5,201586,Serge Ibaka,1610612746.0,LA,Clippers,LAC,1
215,0022000324,313,4,0,3,8:58 PM,9:51,,,Batum REBOUND (Off:2 Def:2),,,5,201587,Nicolas Batum,1610612746.0,LA,Clippers,LAC,0,0,,,,,,0,0,,,,,,1
216,0022000324,314,2,41,3,8:58 PM,9:48,Durant BLOCK (1 BLK),,MISS George 3' Running Layup,,,5,202331,Paul George,1610612746.0,LA,Clippers,LAC,0,0,,,,,,4,201142,Kevin Durant,1610612751.0,Brooklyn,Nets,BKN,1
217,0022000324,316,4,0,3,8:58 PM,9:48,,,Clippers Rebound,,,3,1610612746,,,,,,0,0,,,,,,0,0,,,,,,0
218,0022000324,318,1,80,3,8:58 PM,9:39,,,George 26' 3PT Step Back Jump Shot (12 PTS),63 - 64,1,5,202331,Paul George,1610612746.0,LA,Clippers,LAC,0,0,,,,,,0,0,,,,,,1
219,0022000324,319,1,80,3,8:58 PM,9:25,Irving 24' 3PT Step Back Jump Shot (23 PTS),,,63 - 67,4,4,202681,Kyrie Irving,1610612751.0,Brooklyn,Nets,BKN,0,0,,,,,,0,0,,,,,,1
220,0022000324,320,2,1,3,8:59 PM,9:08,,,MISS Ibaka 29' 3PT Jump Shot,,,5,201586,Serge Ibaka,1610612746.0,LA,Clippers,LAC,0,0,,,,,,0,0,,,,,,1
221,0022000324,321,4,0,3,8:59 PM,9:03,Durant REBOUND (Off:0 Def:7),,,,,4,201142,Kevin Durant,1610612751.0,Brooklyn,Nets,BKN,0,0,,,,,,0,0,,,,,,1
222,0022000324,324,2,79,3,8:59 PM,8:54,MISS Harris 15' Pullup Jump Shot,,,,,4,203925,Joe Harris,1610612751.0,Brooklyn,Nets,BKN,0,0,,,,,,0,0,,,,,,1
223,0022000324,325,4,0,3,8:59 PM,8:51,,,Ibaka REBOUND (Off:3 Def:7),,,5,201586,Serge Ibaka,1610612746.0,LA,Clippers,LAC,0,0,,,,,,0,0,,,,,,1
224,0022000324,326,2,6,3,8:59 PM,8:45,Irving BLOCK (2 BLK),,MISS George 5' Driving Layup,,,5,202331,Paul George,1610612746.0,LA,Clippers,LAC,0,0,,,,,,4,202681,Kyrie Irving,1610612751.0,Brooklyn,Nets,BKN,1
225,0022000324,328,4,0,3,8:59 PM,8:42,Irving REBOUND (Off:0 Def:2),,,,,4,202681,Kyrie Irving,1610612751.0,Brooklyn,Nets,BKN,0,0,,,,,,0,0,,,,,,1
226,0022000324,329,9,1,3,9:00 PM,8:42,,,Clippers Timeout: Regular (Reg.3 Short 0),,,3,1610612746,,,,,,0,0,,,,,,0,0,,,,,,0
227,0022000324,331,5,1,3,9:03 PM,8:30,Harris Bad Pass Turnover (P1.T8),,Leonard STEAL (3 STL),,,4,203925,Joe Harris,1610612751.0,Brooklyn,Nets,BKN,5,202695,Kawhi Leonard,1610612746.0,LA,Clippers,LAC,0,0,,,,,,1
228,0022000324,333,2,73,3,9:03 PM,8:22,,,MISS Leonard 3' Driving Reverse Layup,,,5,202695,Kawhi Leonard,1610612746.0,LA,Clippers,LAC,0,0,,,,,,0,0,,,,,,1
229,0022000324,334,4,0,3,9:03 PM,8:22,,,Clippers Rebound,,,3,1610612746,,,,,,0,0,,,,,,0,0,,,,,,0
230,0022000324,337,1,79,3,9:04 PM,8:13,,,George 19' Pullup Jump Shot (14 PTS),65 - 67,2,5,202331,Paul George,1610612746.0,LA,Clippers,LAC,0,0,,,,,,0,0,,,,,,1
231,0022000324,338,2,6,3,9:04 PM,7:49,MISS Green 4' Driving Layup,,,,,4,201145,Jeff Green,1610612751.0,Brooklyn,Nets,BKN,0,0,,,,,,0,0,,,,,,1
232,0022000324,339,4,0,3,9:04 PM,7:47,,,George REBOUND (Off:1 Def:1),,,5,202331,Paul George,1610612746.0,LA,Clippers,LAC,0,0,,,,,,0,0,,,,,,1
233,0022000324,340,1,1,3,9:05 PM,7:40,,,Ibaka 26' 3PT Jump Shot (9 PTS) (George 2 AST),68 - 67,-1,5,201586,Serge Ibaka,1610612746.0,LA,Clippers,LAC,5,202331,Paul George,1610612746.0,LA,Clippers,LAC,0,0,,,,,,1
234,0022000324,342,2,1,3,9:05 PM,7:19,MISS Green 26' 3PT Jump Shot,,,,,4,201145,Jeff Green,1610612751.0,Brooklyn,Nets,BKN,0,0,,,,,,0,0,,,,,,1
235,0022000324,343,4,0,3,9:05 PM,7:18,,,Jackson REBOUND (Off:0 Def:4),,,5,202704,Reggie Jackson,1610612746.0,LA,Clippers,LAC,0,0,,,,,,0,0,,,,,,1
236,0022000324,344,2,1,3,9:05 PM,7:10,,,MISS Ibaka 20' Jump Shot,,,5,201586,Serge Ibaka,1610612746.0,LA,Clippers,LAC,0,0,,,,,,0,0,,,,,,1
237,0022000324,345,4,0,3,9:05 PM,7:06,Irving REBOUND (Off:0 Def:3),,,,,4,202681,Kyrie Irving,1610612751.0,Brooklyn,Nets,BKN,0,0,,,,,,0,0,,,,,,1
238,0022000324,346,1,6,3,9:05 PM,6:59,Irving 2' Driving Layup (25 PTS),,,68 - 69,1,4,202681,Kyrie Irving,1610612751.0,Brooklyn,Nets,BKN,0,0,,,,,,0,0,,,,,,1
239,0022000324,347,6,2,3,9:05 PM,6:59,,,Batum S.FOUL (P1.T2) (B.Kennedy),,,5,201587,Nicolas Batum,1610612746.0,LA,Clippers,LAC,4,202681,Kyrie Irving,1610612751.0,Brooklyn,Nets,BKN,1,0,,,,,,1
240,0022000324,349,3,10,3,9:06 PM,6:59,Irving Free Throw 1 of 1 (26 PTS),,,68 - 70,2,4,202681,Kyrie Irving,1610612751.0,Brooklyn,Nets,BKN,0,0,,,,,,0,0,,,,,,1
241,0022000324,350,1,1,3,9:06 PM,6:41,,,George 11' Jump Shot (16 PTS) (Ibaka 1 AST),70 - 70,TIE,5,202331,Paul George,1610612746.0,LA,Clippers,LAC,5,201586,Serge Ibaka,1610612746.0,LA,Clippers,LAC,0,0,,,,,,1
242,0022000324,352,2,80,3,9:06 PM,6:31,MISS Harris 26' 3PT Step Back Jump Shot,,,,,4,203925,Joe Harris,1610612751.0,Brooklyn,Nets,BKN,0,0,,,,,,0,0,,,,,,1
243,0022000324,353,4,0,3,9:06 PM,6:28,,,Batum REBOUND (Off:2 Def:3),,,5,201587,Nicolas Batum,1610612746.0,LA,Clippers,LAC,0,0,,,,,,0,0,,,,,,1
244,0022000324,354,6,1,3,9:06 PM,6:18,Irving P.FOUL (P1.T1) (B.Adair),,,,,4,202681,Kyrie Irving,1610612751.0,Brooklyn,Nets,BKN,5,202331,Paul George,1610612746.0,LA,Clippers,LAC,1,0,,,,,,1
245,0022000324,356,2,79,3,9:07 PM,6:10,,,MISS Leonard 20' Pullup Jump Shot,,,5,202695,Kawhi Leonard,1610612746.0,LA,Clippers,LAC,0,0,,,,,,0,0,,,,,,1
246,0022000324,357,4,0,3,9:07 PM,6:07,Green REBOUND (Off:0 Def:4),,,,,4,201145,Jeff Green,1610612751.0,Brooklyn,Nets,BKN,0,0,,,,,,0,0,,,,,,1
247,0022000324,358,2,79,3,9:07 PM,5:52,MISS Harden 26' 3PT Pullup Jump Shot,,,,,4,201935,James Harden,1610612751.0,Brooklyn,Nets,BKN,0,0,,,,,,0,0,,,,,,1
248,0022000324,359,4,0,3,9:07 PM,5:48,Harden REBOUND (Off:1 Def:7),,,,,4,201935,James Harden,1610612751.0,Brooklyn,Nets,BKN,0,0,,,,,,0,0,,,,,,1
249,0022000324,360,1,73,3,9:07 PM,5:37,Harden 1' Driving Reverse Layup (10 PTS),,,70 - 72,2,4,201935,James Harden,1610612751.0,Brooklyn,Nets,BKN,0,0,,,,,,0,0,,,,,,1
250,0022000324,361,2,3,3,9:08 PM,5:27,,,MISS Ibaka 3' Hook Shot,,,5,201586,Serge Ibaka,1610612746.0,LA,Clippers,LAC,0,0,,,,,,0,0,,,,,,1
251,0022000324,362,4,0,3,9:08 PM,5:25,Durant REBOUND (Off:0 Def:8),,,,,4,201142,Kevin Durant,1610612751.0,Brooklyn,Nets,BKN,0,0,,,,,,0,0,,,,,,1
252,0022000324,363,5,1,3,9:08 PM,5:18,Irving Bad Pass Turnover (P1.T9),,George STEAL (2 STL),,,4,202681,Kyrie Irving,1610612751.0,Brooklyn,Nets,BKN,5,202331,Paul George,1610612746.0,LA,Clippers,LAC,0,0,,,,,,1
253,0022000324,365,1,102,3,9:08 PM,5:11,,,Leonard 7' Driving Floating Bank Jump Shot (18 PTS) (George 3 AST),72 - 72,TIE,5,202695,Kawhi Leonard,1610612746.0,LA,Clippers,LAC,5,202331,Paul George,1610612746.0,LA,Clippers,LAC,0,0,,,,,,1
254,0022000324,367,7,1,3,9:08 PM,5:09,,,Clippers Violation: Delay of game Violation,,,3,1610612746,,,,,,0,0,,,,,,1,0,,,,,,0
255,0022000324,369,6,2,3,9:08 PM,4:53,,,Ibaka S.FOUL (P2.T3) (J.Goble),,,5,201586,Serge Ibaka,1610612746.0,LA,Clippers,LAC,4,201935,James Harden,1610612751.0,Brooklyn,Nets,BKN,1,0,,,,,,1
256,0022000324,371,3,13,3,9:09 PM,4:53,Harden Free Throw 1 of 3 (11 PTS),,,72 - 73,1,4,201935,James Harden,1610612751.0,Brooklyn,Nets,BKN,0,0,,,,,,0,0,,,,,,1
257,0022000324,372,3,14,3,9:09 PM,4:53,Harden Free Throw 2 of 3 (12 PTS),,,72 - 74,2,4,201935,James Harden,1610612751.0,Brooklyn,Nets,BKN,0,0,,,,,,0,0,,,,,,1
258,0022000324,373,8,0,3,9:09 PM,4:53,SUB: Luwawu-Cabarrot FOR Green,,,,,4,201145,Jeff Green,1610612751.0,Brooklyn,Nets,BKN,4,1627789,Timothe Luwawu-Cabarrot,1610612751.0,Brooklyn,Nets,BKN,0,0,,,,,,0
259,0022000324,374,8,0,3,9:09 PM,4:53,SUB: Jordan FOR Harris,,,,,4,203925,Joe Harris,1610612751.0,Brooklyn,Nets,BKN,4,201599,DeAndre Jordan,1610612751.0,Brooklyn,Nets,BKN,0,0,,,,,,0
260,0022000324,375,8,0,3,9:09 PM,4:53,,,SUB: Williams FOR Jackson,,,5,202704,Reggie Jackson,1610612746.0,LA,Clippers,LAC,5,101150,Lou Williams,1610612746.0,LA,Clippers,LAC,0,0,,,,,,0
261,0022000324,376,8,0,3,9:09 PM,4:53,,,SUB: Zubac FOR Ibaka,,,5,201586,Serge Ibaka,1610612746.0,LA,Clippers,LAC,5,1627826,Ivica Zubac,1610612746.0,LA,Clippers,LAC,0,0,,,,,,0
262,0022000324,381,18,0,3,9:10 PM,4:53,,,,72 - 74,2,0,369,Charlie Ward,,,,,0,0,,,,,,1,0,,,,,,0
263,0022000324,382,3,15,3,9:10 PM,4:53,Harden Free Throw 3 of 3 (13 PTS),,,72 - 75,3,4,201935,James Harden,1610612751.0,Brooklyn,Nets,BKN,0,0,,,,,,0,0,,,,,,1
264,0022000324,383,2,1,3,9:10 PM,4:36,,,MISS Leonard  3PT Jump Shot,,,5,202695,Kawhi Leonard,1610612746.0,LA,Clippers,LAC,0,0,,,,,,0,0,,,,,,1
265,0022000324,384,4,0,3,9:10 PM,4:29,Luwawu-Cabarrot REBOUND (Off:0 Def:1),,,,,4,1627789,Timothe Luwawu-Cabarrot,1610612751.0,Brooklyn,Nets,BKN,0,0,,,,,,0,0,,,,,,1
266,0022000324,385,1,1,3,9:10 PM,4:20,Luwawu-Cabarrot 26' 3PT Jump Shot (3 PTS) (Harden 11 AST),,,72 - 78,6,4,1627789,Timothe Luwawu-Cabarrot,1610612751.0,Brooklyn,Nets,BKN,4,201935,James Harden,1610612751.0,Brooklyn,Nets,BKN,0,0,,,,,,1
267,0022000324,387,2,1,3,9:10 PM,4:05,,,MISS Leonard 26' 3PT Jump Shot,,,5,202695,Kawhi Leonard,1610612746.0,LA,Clippers,LAC,0,0,,,,,,0,0,,,,,,1
268,0022000324,388,4,0,3,9:10 PM,4:03,Luwawu-Cabarrot REBOUND (Off:0 Def:2),,,,,4,1627789,Timothe Luwawu-Cabarrot,1610612751.0,Brooklyn,Nets,BKN,0,0,,,,,,0,0,,,,,,1
269,0022000324,389,2,1,3,9:11 PM,3:53,MISS Harden 29' 3PT Jump Shot,,,,,4,201935,James Harden,1610612751.0,Brooklyn,Nets,BKN,0,0,,,,,,0,0,,,,,,1
270,0022000324,390,4,0,3,9:11 PM,3:49,,,George REBOUND (Off:1 Def:2),,,5,202331,Paul George,1610612746.0,LA,Clippers,LAC,0,0,,,,,,0,0,,,,,,1
271,0022000324,391,1,1,3,9:11 PM,3:44,,,Batum  3PT Jump Shot (13 PTS) (George 4 AST),75 - 78,3,5,201587,Nicolas Batum,1610612746.0,LA,Clippers,LAC,5,202331,Paul George,1610612746.0,LA,Clippers,LAC,0,0,,,,,,1
272,0022000324,393,6,2,3,9:11 PM,3:44,Irving S.FOUL (P2.T2) (B.Adair),,,,,4,202681,Kyrie Irving,1610612751.0,Brooklyn,Nets,BKN,5,201587,Nicolas Batum,1610612746.0,LA,Clippers,LAC,1,0,,,,,,1
273,0022000324,395,8,0,3,9:11 PM,3:44,,,SUB: Morris Sr. FOR George,,,5,202331,Paul George,1610612746.0,LA,Clippers,LAC,5,202694,Marcus Morris Sr.,1610612746.0,LA,Clippers,LAC,0,0,,,,,,0
274,0022000324,397,3,10,3,9:11 PM,3:44,,,Batum Free Throw 1 of 1 (14 PTS),76 - 78,2,5,201587,Nicolas Batum,1610612746.0,LA,Clippers,LAC,0,0,,,,,,0,0,,,,,,1
275,0022000324,398,1,47,3,9:12 PM,3:30,Durant 15' Turnaround Jump Shot (15 PTS) (Harden 12 AST),,,76 - 80,4,4,201142,Kevin Durant,1610612751.0,Brooklyn,Nets,BKN,4,201935,James Harden,1610612751.0,Brooklyn,Nets,BKN,0,0,,,,,,1
276,0022000324,400,1,1,3,9:12 PM,3:19,,,Batum 27' 3PT Jump Shot (17 PTS) (Williams 3 AST),79 - 80,1,5,201587,Nicolas Batum,1610612746.0,LA,Clippers,LAC,5,101150,Lou Williams,1610612746.0,LA,Clippers,LAC,0,0,,,,,,1
277,0022000324,402,5,1,3,9:12 PM,2:57,Luwawu-Cabarrot Bad Pass Turnover (P1.T10),,Williams STEAL (2 STL),,,4,1627789,Timothe Luwawu-Cabarrot,1610612751.0,Brooklyn,Nets,BKN,5,101150,Lou Williams,1610612746.0,LA,Clippers,LAC,0,0,,,,,,1
278,0022000324,404,5,1,3,9:12 PM,2:46,Luwawu-Cabarrot STEAL (1 STL),,Zubac Bad Pass Turnover (P2.T7),,,5,1627826,Ivica Zubac,1610612746.0,LA,Clippers,LAC,4,1627789,Timothe Luwawu-Cabarrot,1610612751.0,Brooklyn,Nets,BKN,0,0,,,,,,1
279,0022000324,406,1,50,3,9:12 PM,2:43,Durant 1' Running Dunk (17 PTS) (Luwawu-Cabarrot 1 AST),,,79 - 82,3,4,201142,Kevin Durant,1610612751.0,Brooklyn,Nets,BKN,4,1627789,Timothe Luwawu-Cabarrot,1610612751.0,Brooklyn,Nets,BKN,0,0,,,,,,1
280,0022000324,408,1,6,3,9:13 PM,2:19,,,Leonard 3' Driving Layup (20 PTS),81 - 82,1,5,202695,Kawhi Leonard,1610612746.0,LA,Clippers,LAC,0,0,,,,,,0,0,,,,,,1
281,0022000324,409,6,2,3,9:13 PM,2:05,,,Zubac S.FOUL (P3.T4) (B.Adair),,,5,1627826,Ivica Zubac,1610612746.0,LA,Clippers,LAC,4,201599,DeAndre Jordan,1610612751.0,Brooklyn,Nets,BKN,1,0,,,,,,1
282,0022000324,411,9,1,3,9:13 PM,2:05,NETS Timeout: Regular (Full 3 Short 0),,,,,2,1610612751,,,,,,0,0,,,,,,0,0,,,,,,0
283,0022000324,412,8,0,3,9:16 PM,2:05,SUB: Brown FOR Harden,,,,,4,201935,James Harden,1610612751.0,Brooklyn,Nets,BKN,4,1628971,Bruce Brown,1610612751.0,Brooklyn,Nets,BKN,0,0,,,,,,0
284,0022000324,414,3,11,3,9:17 PM,2:05,MISS Jordan Free Throw 1 of 2,,,,,4,201599,DeAndre Jordan,1610612751.0,Brooklyn,Nets,BKN,0,0,,,,,,0,0,,,,,,1
285,0022000324,415,4,1,3,9:17 PM,2:05,NETS Rebound,,,,,2,1610612751,,,,,,0,0,,,,,,0,0,,,,,,0
286,0022000324,416,3,12,3,9:17 PM,2:05,Jordan Free Throw 2 of 2 (7 PTS),,,81 - 83,2,4,201599,DeAndre Jordan,1610612751.0,Brooklyn,Nets,BKN,0,0,,,,,,0,0,,,,,,1
287,0022000324,417,1,1,3,9:18 PM,1:48,,,Leonard 19' Jump Shot (22 PTS),83 - 83,TIE,5,202695,Kawhi Leonard,1610612746.0,LA,Clippers,LAC,0,0,,,,,,0,0,,,,,,1
288,0022000324,418,6,1,3,9:18 PM,1:35,,,Leonard P.FOUL (P1.PN) (B.Kennedy),,,5,202695,Kawhi Leonard,1610612746.0,LA,Clippers,LAC,4,201142,Kevin Durant,1610612751.0,Brooklyn,Nets,BKN,1,0,,,,,,1
289,0022000324,420,3,11,3,9:18 PM,1:35,Durant Free Throw 1 of 2 (18 PTS),,,83 - 84,1,4,201142,Kevin Durant,1610612751.0,Brooklyn,Nets,BKN,0,0,,,,,,0,0,,,,,,1
290,0022000324,421,8,0,3,9:18 PM,1:35,,,SUB: Jackson FOR Batum,,,5,201587,Nicolas Batum,1610612746.0,LA,Clippers,LAC,5,202704,Reggie Jackson,1610612746.0,LA,Clippers,LAC,0,0,,,,,,0
291,0022000324,423,3,12,3,9:19 PM,1:35,Durant Free Throw 2 of 2 (19 PTS),,,83 - 85,2,4,201142,Kevin Durant,1610612751.0,Brooklyn,Nets,BKN,0,0,,,,,,0,0,,,,,,1
292,0022000324,424,1,1,3,9:19 PM,1:09,,,Leonard 26' 3PT Jump Shot (25 PTS) (Jackson 2 AST),86 - 85,-1,5,202695,Kawhi Leonard,1610612746.0,LA,Clippers,LAC,5,202704,Reggie Jackson,1610612746.0,LA,Clippers,LAC,0,0,,,,,,1
293,0022000324,426,1,79,3,9:19 PM,0:56,Irving 25' 3PT Pullup Jump Shot (29 PTS),,,86 - 88,2,4,202681,Kyrie Irving,1610612751.0,Brooklyn,Nets,BKN,0,0,,,,,,0,0,,,,,,1
294,0022000324,427,2,79,3,9:20 PM,0:44,,,MISS Leonard 27' 3PT Pullup Jump Shot,,,5,202695,Kawhi Leonard,1610612746.0,LA,Clippers,LAC,0,0,,,,,,0,0,,,,,,1
295,0022000324,428,4,0,3,9:20 PM,0:41,,,Williams REBOUND (Off:1 Def:0),,,5,101150,Lou Williams,1610612746.0,LA,Clippers,LAC,0,0,,,,,,0,0,,,,,,1
296,0022000324,429,1,98,3,9:20 PM,0:38,,,Zubac 2' Cutting Layup Shot (2 PTS) (Williams 4 AST),88 - 88,TIE,5,1627826,Ivica Zubac,1610612746.0,LA,Clippers,LAC,5,101150,Lou Williams,1610612746.0,LA,Clippers,LAC,0,0,,,,,,1
297,0022000324,431,2,79,3,9:20 PM,0:23,MISS Irving 14' Pullup Jump Shot,,,,,4,202681,Kyrie Irving,1610612751.0,Brooklyn,Nets,BKN,0,0,,,,,,0,0,,,,,,1
298,0022000324,432,4,0,3,9:20 PM,0:21,Luwawu-Cabarrot REBOUND (Off:1 Def:2),,,,,4,1627789,Timothe Luwawu-Cabarrot,1610612751.0,Brooklyn,Nets,BKN,0,0,,,,,,0,0,,,,,,1
299,0022000324,433,6,2,3,9:20 PM,0:15,,,Zubac S.FOUL (P4.PN) (B.Kennedy),,,5,1627826,Ivica Zubac,1610612746.0,LA,Clippers,LAC,4,201599,DeAndre Jordan,1610612751.0,Brooklyn,Nets,BKN,1,0,,,,,,1
300,0022000324,435,3,11,3,9:21 PM,0:15,MISS Jordan Free Throw 1 of 2,,,,,4,201599,DeAndre Jordan,1610612751.0,Brooklyn,Nets,BKN,0,0,,,,,,0,0,,,,,,1
301,0022000324,436,4,1,3,9:21 PM,0:15,NETS Rebound,,,,,2,1610612751,,,,,,0,0,,,,,,0,0,,,,,,0
302,0022000324,439,3,12,3,9:21 PM,0:15,MISS Jordan Free Throw 2 of 2,,,,,4,201599,DeAndre Jordan,1610612751.0,Brooklyn,Nets,BKN,0,0,,,,,,0,0,,,,,,1
303,0022000324,437,8,0,3,9:21 PM,0:15,,,SUB: George FOR Zubac,,,5,1627826,Ivica Zubac,1610612746.0,LA,Clippers,LAC,5,202331,Paul George,1610612746.0,LA,Clippers,LAC,0,0,,,,,,0
304,0022000324,440,4,0,3,9:21 PM,0:12,,,Leonard REBOUND (Off:0 Def:3),,,5,202695,Kawhi Leonard,1610612746.0,LA,Clippers,LAC,0,0,,,,,,0,0,,,,,,1
305,0022000324,441,1,79,3,9:21 PM,0:01,,,George 16' Pullup Jump Shot (18 PTS),90 - 88,-2,5,202331,Paul George,1610612746.0,LA,Clippers,LAC,0,0,,,,,,0,0,,,,,,1
306,0022000324,442,13,0,3,9:22 PM,0:00,,,,90 - 88,-2,0,0,,,,,,0,0,,,,,,0,0,,,,,,1
307,0022000324,451,12,0,4,9:25 PM,12:00,,,,90 - 88,-2,0,0,,,,,,0,0,,,,,,0,0,,,,,,0
308,0022000324,452,2,78,4,9:25 PM,11:52,,,MISS George 12' Floating Jump Shot,,,5,202331,Paul George,1610612746.0,LA,Clippers,LAC,0,0,,,,,,0,0,,,,,,0
309,0022000324,453,4,0,4,9:25 PM,11:49,,,George REBOUND (Off:2 Def:2),,,5,202331,Paul George,1610612746.0,LA,Clippers,LAC,0,0,,,,,,0,0,,,,,,0
310,0022000324,454,2,1,4,9:25 PM,11:43,,,MISS George  3PT Jump Shot,,,5,202331,Paul George,1610612746.0,LA,Clippers,LAC,0,0,,,,,,0,0,,,,,,1
311,0022000324,455,4,0,4,9:26 PM,11:39,Brown REBOUND (Off:0 Def:1),,,,,4,1628971,Bruce Brown,1610612751.0,Brooklyn,Nets,BKN,0,0,,,,,,0,0,,,,,,1
312,0022000324,456,1,79,4,9:26 PM,11:25,Harden 15' Pullup Jump Shot (15 PTS),,,90 - 90,TIE,4,201935,James Harden,1610612751.0,Brooklyn,Nets,BKN,0,0,,,,,,0,0,,,,,,1
313,0022000324,457,6,1,4,9:26 PM,11:07,Brown P.FOUL (P1.T1) (J.Goble),,,,,4,1628971,Bruce Brown,1610612751.0,Brooklyn,Nets,BKN,5,101150,Lou Williams,1610612746.0,LA,Clippers,LAC,1,0,,,,,,1
314,0022000324,459,1,1,4,9:27 PM,10:56,,,Morris Sr.  3PT Jump Shot (11 PTS) (Williams 5 AST),93 - 90,-3,5,202694,Marcus Morris Sr.,1610612746.0,LA,Clippers,LAC,5,101150,Lou Williams,1610612746.0,LA,Clippers,LAC,0,0,,,,,,1
315,0022000324,461,1,101,4,9:27 PM,10:26,Harden 7' Driving Floating Jump Shot (17 PTS) (Harris 3 AST),,,93 - 92,-1,4,201935,James Harden,1610612751.0,Brooklyn,Nets,BKN,4,203925,Joe Harris,1610612751.0,Brooklyn,Nets,BKN,0,0,,,,,,1
316,0022000324,463,2,79,4,9:27 PM,10:11,,,MISS Williams 16' Pullup Jump Shot,,,5,101150,Lou Williams,1610612746.0,LA,Clippers,LAC,0,0,,,,,,0,0,,,,,,1
317,0022000324,464,4,0,4,9:27 PM,10:08,Jordan REBOUND (Off:0 Def:3),,,,,4,201599,DeAndre Jordan,1610612751.0,Brooklyn,Nets,BKN,0,0,,,,,,0,0,,,,,,1
318,0022000324,465,5,39,4,9:28 PM,9:50,Shamet Step Out of Bounds Turnover (P1.T11),,,,,4,1629013,Landry Shamet,1610612751.0,Brooklyn,Nets,BKN,0,0,,,,,,1,0,,,,,,1
319,0022000324,466,2,79,4,9:28 PM,9:38,,,MISS George 15' Pullup Jump Shot,,,5,202331,Paul George,1610612746.0,LA,Clippers,LAC,0,0,,,,,,0,0,,,,,,1
320,0022000324,467,4,0,4,9:28 PM,9:36,Jordan REBOUND (Off:0 Def:4),,,,,4,201599,DeAndre Jordan,1610612751.0,Brooklyn,Nets,BKN,0,0,,,,,,0,0,,,,,,1
321,0022000324,468,6,4,4,9:28 PM,9:27,Harris OFF.Foul (P2) (B.Kennedy),,,,,4,203925,Joe Harris,1610612751.0,Brooklyn,Nets,BKN,5,202331,Paul George,1610612746.0,LA,Clippers,LAC,1,0,,,,,,1
322,0022000324,470,5,37,4,9:28 PM,9:27,Harris Offensive Foul Turnover (P2.T12),,,,,4,203925,Joe Harris,1610612751.0,Brooklyn,Nets,BKN,0,0,,,,,,1,0,,,,,,1
323,0022000324,471,5,1,4,9:29 PM,9:12,Harden STEAL (1 STL),,George Bad Pass Turnover (P3.T8),,,5,202331,Paul George,1610612746.0,LA,Clippers,LAC,4,201935,James Harden,1610612751.0,Brooklyn,Nets,BKN,0,0,,,,,,1
324,0022000324,473,2,101,4,9:29 PM,9:04,MISS Harden 7' Driving Floating Jump Shot,,,,,4,201935,James Harden,1610612751.0,Brooklyn,Nets,BKN,0,0,,,,,,0,0,,,,,,1
325,0022000324,474,4,0,4,9:29 PM,9:02,,,Jackson REBOUND (Off:0 Def:5),,,5,202704,Reggie Jackson,1610612746.0,LA,Clippers,LAC,0,0,,,,,,0,0,,,,,,1
326,0022000324,475,2,1,4,9:29 PM,8:59,,,MISS Morris Sr. 26' 3PT Jump Shot,,,5,202694,Marcus Morris Sr.,1610612746.0,LA,Clippers,LAC,0,0,,,,,,0,0,,,,,,1
327,0022000324,476,4,0,4,9:29 PM,8:54,Harden REBOUND (Off:1 Def:8),,,,,4,201935,James Harden,1610612751.0,Brooklyn,Nets,BKN,0,0,,,,,,0,0,,,,,,1
328,0022000324,477,1,1,4,9:29 PM,8:46,Harris  3PT Jump Shot (13 PTS) (Harden 13 AST),,,93 - 95,2,4,203925,Joe Harris,1610612751.0,Brooklyn,Nets,BKN,4,201935,James Harden,1610612751.0,Brooklyn,Nets,BKN,0,0,,,,,,1
329,0022000324,479,9,1,4,9:29 PM,8:44,,,Clippers Timeout: Regular (Reg.4 Short 0),,,3,1610612746,,,,,,0,0,,,,,,0,0,,,,,,0
330,0022000324,480,1,80,4,9:33 PM,8:31,,,Morris Sr. 12' Step Back Jump Shot (13 PTS),95 - 95,TIE,5,202694,Marcus Morris Sr.,1610612746.0,LA,Clippers,LAC,0,0,,,,,,0,0,,,,,,1
331,0022000324,481,2,1,4,9:33 PM,8:07,MISS Shamet 25' 3PT Jump Shot,,,,,4,1629013,Landry Shamet,1610612751.0,Brooklyn,Nets,BKN,0,0,,,,,,0,0,,,,,,1
332,0022000324,482,4,0,4,9:33 PM,8:04,Jordan REBOUND (Off:1 Def:4),,,,,4,201599,DeAndre Jordan,1610612751.0,Brooklyn,Nets,BKN,0,0,,,,,,0,0,,,,,,1
333,0022000324,484,6,2,4,9:34 PM,8:03,,,Williams S.FOUL (P1.T1) (B.Adair),,,5,101150,Lou Williams,1610612746.0,LA,Clippers,LAC,4,1629013,Landry Shamet,1610612751.0,Brooklyn,Nets,BKN,1,0,,,,,,1
334,0022000324,486,18,0,4,9:34 PM,8:03,,,,95 - 95,TIE,0,484,,,,,,0,0,,,,,,1,0,,,,,,0
335,0022000324,487,3,13,4,9:34 PM,8:03,MISS Shamet Free Throw 1 of 3,,,,,4,1629013,Landry Shamet,1610612751.0,Brooklyn,Nets,BKN,0,0,,,,,,0,0,,,,,,1
336,0022000324,488,4,1,4,9:34 PM,8:03,NETS Rebound,,,,,2,1610612751,,,,,,0,0,,,,,,0,0,,,,,,0
337,0022000324,489,3,14,4,9:34 PM,8:03,Shamet Free Throw 2 of 3 (3 PTS),,,95 - 96,1,4,1629013,Landry Shamet,1610612751.0,Brooklyn,Nets,BKN,0,0,,,,,,0,0,,,,,,1
338,0022000324,490,8,0,4,9:34 PM,8:03,SUB: Durant FOR Brown,,,,,4,1628971,Bruce Brown,1610612751.0,Brooklyn,Nets,BKN,4,201142,Kevin Durant,1610612751.0,Brooklyn,Nets,BKN,0,0,,,,,,0
339,0022000324,491,8,0,4,9:34 PM,8:03,SUB: Irving FOR Harris,,,,,4,203925,Joe Harris,1610612751.0,Brooklyn,Nets,BKN,4,202681,Kyrie Irving,1610612751.0,Brooklyn,Nets,BKN,0,0,,,,,,0
340,0022000324,492,8,0,4,9:34 PM,8:03,,,SUB: Leonard FOR Jackson,,,5,202704,Reggie Jackson,1610612746.0,LA,Clippers,LAC,5,202695,Kawhi Leonard,1610612746.0,LA,Clippers,LAC,0,0,,,,,,0
341,0022000324,493,8,0,4,9:34 PM,8:03,,,SUB: Batum FOR Zubac,,,5,1627826,Ivica Zubac,1610612746.0,LA,Clippers,LAC,5,201587,Nicolas Batum,1610612746.0,LA,Clippers,LAC,0,0,,,,,,0
342,0022000324,498,8,0,4,9:35 PM,8:03,SUB: Green FOR Jordan,,,,,4,201599,DeAndre Jordan,1610612751.0,Brooklyn,Nets,BKN,4,201145,Jeff Green,1610612751.0,Brooklyn,Nets,BKN,0,0,,,,,,0
343,0022000324,500,3,15,4,9:35 PM,8:03,Shamet Free Throw 3 of 3 (4 PTS),,,95 - 97,2,4,1629013,Landry Shamet,1610612751.0,Brooklyn,Nets,BKN,0,0,,,,,,0,0,,,,,,1
344,0022000324,501,1,78,4,9:35 PM,7:43,,,Williams 10' Floating Jump Shot (4 PTS) (George 5 AST),97 - 97,TIE,5,101150,Lou Williams,1610612746.0,LA,Clippers,LAC,5,202331,Paul George,1610612746.0,LA,Clippers,LAC,0,0,,,,,,1
345,0022000324,503,5,1,4,9:36 PM,7:26,Shamet Bad Pass Turnover (P2.T13),,Leonard STEAL (4 STL),,,4,1629013,Landry Shamet,1610612751.0,Brooklyn,Nets,BKN,5,202695,Kawhi Leonard,1610612746.0,LA,Clippers,LAC,0,0,,,,,,1
346,0022000324,505,1,50,4,9:36 PM,7:23,,,Leonard  Running Dunk (27 PTS),99 - 97,-2,5,202695,Kawhi Leonard,1610612746.0,LA,Clippers,LAC,0,0,,,,,,0,0,,,,,,1
347,0022000324,506,2,79,4,9:36 PM,7:05,MISS Harden 27' 3PT Pullup Jump Shot,,,,,4,201935,James Harden,1610612751.0,Brooklyn,Nets,BKN,0,0,,,,,,0,0,,,,,,1
348,0022000324,507,4,0,4,9:36 PM,7:03,,,Morris Sr. REBOUND (Off:0 Def:4),,,5,202694,Marcus Morris Sr.,1610612746.0,LA,Clippers,LAC,0,0,,,,,,0,0,,,,,,1
349,0022000324,508,1,6,4,9:36 PM,6:58,,,George 2' Driving Layup (20 PTS),101 - 97,-4,5,202331,Paul George,1610612746.0,LA,Clippers,LAC,0,0,,,,,,0,0,,,,,,1
350,0022000324,509,6,2,4,9:36 PM,6:58,Shamet S.FOUL (P1.T2) (B.Adair),,,,,4,1629013,Landry Shamet,1610612751.0,Brooklyn,Nets,BKN,5,202331,Paul George,1610612746.0,LA,Clippers,LAC,1,0,,,,,,1
351,0022000324,511,8,0,4,9:36 PM,6:58,SUB: Harris FOR Shamet,,,,,4,1629013,Landry Shamet,1610612751.0,Brooklyn,Nets,BKN,4,203925,Joe Harris,1610612751.0,Brooklyn,Nets,BKN,0,0,,,,,,0
352,0022000324,513,3,10,4,9:37 PM,6:58,,,George Free Throw 1 of 1 (21 PTS),102 - 97,-5,5,202331,Paul George,1610612746.0,LA,Clippers,LAC,0,0,,,,,,0,0,,,,,,1
353,0022000324,514,1,79,4,9:37 PM,6:41,Durant 7' Pullup Jump Shot (21 PTS),,,102 - 99,-3,4,201142,Kevin Durant,1610612751.0,Brooklyn,Nets,BKN,0,0,,,,,,0,0,,,,,,1
354,0022000324,515,2,73,4,9:37 PM,6:24,,,MISS Williams 4' Driving Reverse Layup,,,5,101150,Lou Williams,1610612746.0,LA,Clippers,LAC,0,0,,,,,,0,0,,,,,,1
355,0022000324,516,4,0,4,9:37 PM,6:22,Harris REBOUND (Off:0 Def:1),,,,,4,203925,Joe Harris,1610612751.0,Brooklyn,Nets,BKN,0,0,,,,,,0,0,,,,,,1
356,0022000324,518,6,4,4,9:37 PM,6:17,Harden OFF.Foul (P3) (J.Goble),,,,,4,201935,James Harden,1610612751.0,Brooklyn,Nets,BKN,5,202694,Marcus Morris Sr.,1610612746.0,LA,Clippers,LAC,1,0,,,,,,1
357,0022000324,520,5,37,4,9:37 PM,6:17,Harden Offensive Foul Turnover (P2.T14),,,,,4,201935,James Harden,1610612751.0,Brooklyn,Nets,BKN,0,0,,,,,,1,0,,,,,,1
358,0022000324,521,2,86,4,9:38 PM,5:54,,,MISS Leonard 11' Turnaround Fadeaway Shot,,,5,202695,Kawhi Leonard,1610612746.0,LA,Clippers,LAC,0,0,,,,,,0,0,,,,,,1
359,0022000324,522,4,0,4,9:38 PM,5:52,Durant REBOUND (Off:0 Def:9),,,,,4,201142,Kevin Durant,1610612751.0,Brooklyn,Nets,BKN,0,0,,,,,,0,0,,,,,,1
360,0022000324,524,6,28,4,9:38 PM,5:52,,,Morris Sr. Personal Take Foul (P1.T2) (B.Kennedy),,,5,202694,Marcus Morris Sr.,1610612746.0,LA,Clippers,LAC,4,201142,Kevin Durant,1610612751.0,Brooklyn,Nets,BKN,1,0,,,,,,1
361,0022000324,526,1,79,4,9:39 PM,5:43,Irving 26' 3PT Pullup Jump Shot (32 PTS),,,102 - 102,TIE,4,202681,Kyrie Irving,1610612751.0,Brooklyn,Nets,BKN,0,0,,,,,,0,0,,,,,,1
362,0022000324,527,2,1,4,9:39 PM,5:24,,,MISS Morris Sr. 27' 3PT Jump Shot,,,5,202694,Marcus Morris Sr.,1610612746.0,LA,Clippers,LAC,0,0,,,,,,0,0,,,,,,1
363,0022000324,528,4,0,4,9:39 PM,5:20,,,Leonard REBOUND (Off:1 Def:3),,,5,202695,Kawhi Leonard,1610612746.0,LA,Clippers,LAC,0,0,,,,,,0,0,,,,,,1
364,0022000324,529,2,1,4,9:39 PM,5:08,,,MISS Batum 26' 3PT Jump Shot,,,5,201587,Nicolas Batum,1610612746.0,LA,Clippers,LAC,0,0,,,,,,0,0,,,,,,1
365,0022000324,530,4,0,4,9:39 PM,5:05,Irving REBOUND (Off:0 Def:4),,,,,4,202681,Kyrie Irving,1610612751.0,Brooklyn,Nets,BKN,0,0,,,,,,0,0,,,,,,1
366,0022000324,531,1,73,4,9:39 PM,4:58,Irving 2' Driving Reverse Layup (34 PTS),,,102 - 104,2,4,202681,Kyrie Irving,1610612751.0,Brooklyn,Nets,BKN,0,0,,,,,,0,0,,,,,,1
367,0022000324,532,9,1,4,9:39 PM,4:58,,,Clippers Timeout: Regular (Reg.5 Short 0),,,3,1610612746,,,,,,0,0,,,,,,0,0,,,,,,0
368,0022000324,534,8,0,4,9:41 PM,4:58,,,SUB: Jackson FOR Williams,,,5,101150,Lou Williams,1610612746.0,LA,Clippers,LAC,5,202704,Reggie Jackson,1610612746.0,LA,Clippers,LAC,0,0,,,,,,0
369,0022000324,537,2,79,4,9:43 PM,4:44,,,MISS Leonard 27' 3PT Pullup Jump Shot,,,5,202695,Kawhi Leonard,1610612746.0,LA,Clippers,LAC,0,0,,,,,,0,0,,,,,,1
370,0022000324,538,4,0,4,9:43 PM,4:41,Harris REBOUND (Off:0 Def:2),,,,,4,203925,Joe Harris,1610612751.0,Brooklyn,Nets,BKN,0,0,,,,,,0,0,,,,,,1
371,0022000324,539,1,103,4,9:43 PM,4:37,Irving 26' 3PT Running Pull-Up Jump Shot (37 PTS),,,102 - 107,5,4,202681,Kyrie Irving,1610612751.0,Brooklyn,Nets,BKN,0,0,,,,,,0,0,,,,,,1
372,0022000324,540,2,1,4,9:43 PM,4:24,,,MISS Batum 27' 3PT Jump Shot,,,5,201587,Nicolas Batum,1610612746.0,LA,Clippers,LAC,0,0,,,,,,0,0,,,,,,1
373,0022000324,541,4,0,4,9:44 PM,4:20,Harris REBOUND (Off:0 Def:3),,,,,4,203925,Joe Harris,1610612751.0,Brooklyn,Nets,BKN,0,0,,,,,,0,0,,,,,,1
374,0022000324,542,1,80,4,9:44 PM,4:10,Harden 26' 3PT Step Back Jump Shot (20 PTS),,,102 - 110,8,4,201935,James Harden,1610612751.0,Brooklyn,Nets,BKN,0,0,,,,,,0,0,,,,,,1
375,0022000324,543,1,108,4,9:44 PM,3:56,,,George 1' Cutting Dunk Shot (23 PTS) (Jackson 3 AST),104 - 110,6,5,202331,Paul George,1610612746.0,LA,Clippers,LAC,5,202704,Reggie Jackson,1610612746.0,LA,Clippers,LAC,0,0,,,,,,1
376,0022000324,545,2,6,4,9:44 PM,3:28,MISS Irving 4' Driving Layup,,Morris Sr. BLOCK (1 BLK),,,4,202681,Kyrie Irving,1610612751.0,Brooklyn,Nets,BKN,0,0,,,,,,5,202694,Marcus Morris Sr.,1610612746.0,LA,Clippers,LAC,1
377,0022000324,547,4,0,4,9:44 PM,3:28,Irving REBOUND (Off:1 Def:4),,,,,4,202681,Kyrie Irving,1610612751.0,Brooklyn,Nets,BKN,0,0,,,,,,0,0,,,,,,1
378,0022000324,548,5,11,4,9:45 PM,3:28,NETS Turnover: Shot Clock (T#15),,,,,2,1610612751,,,,,,0,0,,,,,,1,0,,,,,,0
379,0022000324,549,1,6,4,9:45 PM,3:17,,,Leonard 3' Driving Layup (29 PTS),106 - 110,4,5,202695,Kawhi Leonard,1610612746.0,LA,Clippers,LAC,0,0,,,,,,0,0,,,,,,1
380,0022000324,550,6,2,4,9:45 PM,3:17,Green S.FOUL (P1.T3) (B.Kennedy),,,,,4,201145,Jeff Green,1610612751.0,Brooklyn,Nets,BKN,5,202695,Kawhi Leonard,1610612746.0,LA,Clippers,LAC,1,0,,,,,,1
381,0022000324,552,3,10,4,9:45 PM,3:17,,,MISS Leonard Free Throw 1 of 1,,,5,202695,Kawhi Leonard,1610612746.0,LA,Clippers,LAC,0,0,,,,,,0,0,,,,,,1
382,0022000324,553,4,0,4,9:45 PM,3:15,Harden REBOUND (Off:1 Def:9),,,,,4,201935,James Harden,1610612751.0,Brooklyn,Nets,BKN,0,0,,,,,,0,0,,,,,,1
383,0022000324,554,1,79,4,9:46 PM,2:58,Durant 21' Pullup Jump Shot (23 PTS) (Irving 2 AST),,,106 - 112,6,4,201142,Kevin Durant,1610612751.0,Brooklyn,Nets,BKN,4,202681,Kyrie Irving,1610612751.0,Brooklyn,Nets,BKN,0,0,,,,,,1
384,0022000324,556,2,79,4,9:46 PM,2:48,,,MISS George 26' 3PT Pullup Jump Shot,,,5,202331,Paul George,1610612746.0,LA,Clippers,LAC,0,0,,,,,,0,0,,,,,,1
385,0022000324,557,4,0,4,9:46 PM,2:45,Harden REBOUND (Off:1 Def:10),,,,,4,201935,James Harden,1610612751.0,Brooklyn,Nets,BKN,0,0,,,,,,0,0,,,,,,1
386,0022000324,558,6,2,4,9:46 PM,2:36,,,Morris Sr. S.FOUL (P2.T3) (J.Goble),,,5,202694,Marcus Morris Sr.,1610612746.0,LA,Clippers,LAC,4,201935,James Harden,1610612751.0,Brooklyn,Nets,BKN,1,0,,,,,,1
387,0022000324,560,9,1,4,9:47 PM,2:36,,,Clippers Timeout: Regular (Reg.6 Short 0),,,3,1610612746,,,,,,0,0,,,,,,0,0,,,,,,0
388,0022000324,561,18,4,4,9:47 PM,2:36,,,,106 - 112,6,0,558,,,,,,0,0,,,,,,1,0,,,,,,1
389,0022000324,562,3,13,4,9:50 PM,2:36,Harden Free Throw 1 of 3 (21 PTS),,,106 - 113,7,4,201935,James Harden,1610612751.0,Brooklyn,Nets,BKN,0,0,,,,,,0,0,,,,,,1
390,0022000324,563,3,14,4,9:50 PM,2:36,Harden Free Throw 2 of 3 (22 PTS),,,106 - 114,8,4,201935,James Harden,1610612751.0,Brooklyn,Nets,BKN,0,0,,,,,,0,0,,,,,,1
391,0022000324,564,3,15,4,9:50 PM,2:36,Harden Free Throw 3 of 3 (23 PTS),,,106 - 115,9,4,201935,James Harden,1610612751.0,Brooklyn,Nets,BKN,0,0,,,,,,0,0,,,,,,1
392,0022000324,565,6,2,4,9:50 PM,2:20,Irving S.FOUL (P3.T4) (J.Goble),,,,,4,202681,Kyrie Irving,1610612751.0,Brooklyn,Nets,BKN,5,202695,Kawhi Leonard,1610612746.0,LA,Clippers,LAC,1,0,,,,,,1
393,0022000324,567,3,11,4,9:51 PM,2:20,,,Leonard Free Throw 1 of 2 (30 PTS),107 - 115,8,5,202695,Kawhi Leonard,1610612746.0,LA,Clippers,LAC,0,0,,,,,,0,0,,,,,,1
394,0022000324,568,3,12,4,9:51 PM,2:20,,,Leonard Free Throw 2 of 2 (31 PTS),108 - 115,7,5,202695,Kawhi Leonard,1610612746.0,LA,Clippers,LAC,0,0,,,,,,0,0,,,,,,1
395,0022000324,569,2,6,4,9:52 PM,2:02,MISS Harris 4' Driving Layup,,,,,4,203925,Joe Harris,1610612751.0,Brooklyn,Nets,BKN,0,0,,,,,,0,0,,,,,,1
396,0022000324,570,4,0,4,9:52 PM,2:01,Harris REBOUND (Off:1 Def:3),,,,,4,203925,Joe Harris,1610612751.0,Brooklyn,Nets,BKN,0,0,,,,,,0,0,,,,,,1
397,0022000324,571,1,79,4,9:52 PM,1:55,Durant 27' 3PT Pullup Jump Shot (26 PTS),,,108 - 118,10,4,201142,Kevin Durant,1610612751.0,Brooklyn,Nets,BKN,0,0,,,,,,0,0,,,,,,1
398,0022000324,573,1,1,4,9:52 PM,1:44,,,Batum  3PT Jump Shot (20 PTS) (George 6 AST),111 - 118,7,5,201587,Nicolas Batum,1610612746.0,LA,Clippers,LAC,5,202331,Paul George,1610612746.0,LA,Clippers,LAC,0,0,,,,,,1
399,0022000324,575,2,1,4,9:52 PM,1:21,MISS Harris  3PT Jump Shot,,,,,4,203925,Joe Harris,1610612751.0,Brooklyn,Nets,BKN,0,0,,,,,,0,0,,,,,,1
400,0022000324,576,4,0,4,9:52 PM,1:17,,,Batum REBOUND (Off:2 Def:4),,,5,201587,Nicolas Batum,1610612746.0,LA,Clippers,LAC,0,0,,,,,,0,0,,,,,,1
401,0022000324,577,2,2,4,9:53 PM,1:13,,,MISS Jackson 26' 3PT Running Jump Shot,,,5,202704,Reggie Jackson,1610612746.0,LA,Clippers,LAC,0,0,,,,,,0,0,,,,,,1
402,0022000324,578,4,0,4,9:53 PM,1:11,Harden REBOUND (Off:1 Def:11),,,,,4,201935,James Harden,1610612751.0,Brooklyn,Nets,BKN,0,0,,,,,,0,0,,,,,,1
403,0022000324,579,5,1,4,9:53 PM,1:01,Durant Bad Pass Turnover (P5.T16),,Jackson STEAL (2 STL),,,4,201142,Kevin Durant,1610612751.0,Brooklyn,Nets,BKN,5,202704,Reggie Jackson,1610612746.0,LA,Clippers,LAC,0,0,,,,,,1
404,0022000324,581,1,101,4,9:53 PM,0:51,,,Morris Sr. 8' Driving Floating Jump Shot (15 PTS),113 - 118,5,5,202694,Marcus Morris Sr.,1610612746.0,LA,Clippers,LAC,0,0,,,,,,0,0,,,,,,1
405,0022000324,582,6,2,4,9:53 PM,0:51,Irving S.FOUL (P4.PN) (B.Kennedy),,,,,4,202681,Kyrie Irving,1610612751.0,Brooklyn,Nets,BKN,5,202694,Marcus Morris Sr.,1610612746.0,LA,Clippers,LAC,1,0,,,,,,1
406,0022000324,584,3,10,4,9:53 PM,0:51,,,Morris Sr. Free Throw 1 of 1 (16 PTS),114 - 118,4,5,202694,Marcus Morris Sr.,1610612746.0,LA,Clippers,LAC,0,0,,,,,,0,0,,,,,,1
407,0022000324,585,6,4,4,9:54 PM,0:32,Harden OFF.Foul (P4) (B.Adair),,,,,4,201935,James Harden,1610612751.0,Brooklyn,Nets,BKN,5,202694,Marcus Morris Sr.,1610612746.0,LA,Clippers,LAC,1,0,,,,,,1
408,0022000324,587,5,37,4,9:54 PM,0:32,Harden Offensive Foul Turnover (P3.T17),,,,,4,201935,James Harden,1610612751.0,Brooklyn,Nets,BKN,0,0,,,,,,1,0,,,,,,1
409,0022000324,588,9,1,4,9:54 PM,0:32,,,Clippers Timeout: Regular (Reg.7 Short 0),,,3,1610612746,,,,,,0,0,,,,,,0,0,,,,,,0
410,0022000324,589,2,101,4,9:56 PM,0:26,,,MISS Leonard 9' Driving Floating Jump Shot,,,5,202695,Kawhi Leonard,1610612746.0,LA,Clippers,LAC,0,0,,,,,,0,0,,,,,,1
411,0022000324,590,4,0,4,9:56 PM,0:26,,,Clippers Rebound,,,3,1610612746,,,,,,0,0,,,,,,0,0,,,,,,0
412,0022000324,592,1,1,4,9:57 PM,0:24,,,George  3PT Jump Shot (26 PTS) (Jackson 4 AST),117 - 118,1,5,202331,Paul George,1610612746.0,LA,Clippers,LAC,5,202704,Reggie Jackson,1610612746.0,LA,Clippers,LAC,0,0,,,,,,1
413,0022000324,594,6,1,4,9:57 PM,0:14,,,Jackson P.FOUL (P2.T4) (B.Kennedy),,,5,202704,Reggie Jackson,1610612746.0,LA,Clippers,LAC,4,202681,Kyrie Irving,1610612751.0,Brooklyn,Nets,BKN,1,0,,,,,,1
414,0022000324,596,9,1,4,9:57 PM,0:14,NETS Timeout: Regular (Full 4 Short 0),,,,,2,1610612751,,,,,,0,0,,,,,,0,0,,,,,,0
415,0022000324,597,6,2,4,9:59 PM,0:09,,,George S.FOUL (P3.PN) (B.Adair),,,5,202331,Paul George,1610612746.0,LA,Clippers,LAC,4,201142,Kevin Durant,1610612751.0,Brooklyn,Nets,BKN,1,0,,,,,,1
416,0022000324,599,3,11,4,10:00 PM,0:09,Durant Free Throw 1 of 2 (27 PTS),,,117 - 119,2,4,201142,Kevin Durant,1610612751.0,Brooklyn,Nets,BKN,0,0,,,,,,0,0,,,,,,1
417,0022000324,600,3,12,4,10:00 PM,0:09,Durant Free Throw 2 of 2 (28 PTS),,,117 - 120,3,4,201142,Kevin Durant,1610612751.0,Brooklyn,Nets,BKN,0,0,,,,,,0,0,,,,,,1
418,0022000324,601,6,28,4,10:00 PM,0:07,Durant Personal Take Foul (P3.PN) (J.Goble),,,,,4,201142,Kevin Durant,1610612751.0,Brooklyn,Nets,BKN,5,202695,Kawhi Leonard,1610612746.0,LA,Clippers,LAC,1,0,,,,,,1
419,0022000324,603,3,11,4,10:01 PM,0:07,,,Leonard Free Throw 1 of 2 (32 PTS),118 - 120,2,5,202695,Kawhi Leonard,1610612746.0,LA,Clippers,LAC,0,0,,,,,,0,0,,,,,,1
420,0022000324,604,3,12,4,10:01 PM,0:07,,,Leonard Free Throw 2 of 2 (33 PTS),119 - 120,1,5,202695,Kawhi Leonard,1610612746.0,LA,Clippers,LAC,0,0,,,,,,0,0,,,,,,1
421,0022000324,605,1,5,4,10:01 PM,0:05,Green 1' Layup (7 PTS) (Harden 14 AST),,,119 - 122,3,4,201145,Jeff Green,1610612751.0,Brooklyn,Nets,BKN,4,201935,James Harden,1610612751.0,Brooklyn,Nets,BKN,0,0,,,,,,1
422,0022000324,607,6,2,4,10:01 PM,0:05,,,Jackson S.FOUL (P3.PN) (J.Goble),,,5,202704,Reggie Jackson,1610612746.0,LA,Clippers,LAC,4,201145,Jeff Green,1610612751.0,Brooklyn,Nets,BKN,1,0,,,,,,1
423,0022000324,609,3,10,4,10:02 PM,0:05,MISS Green Free Throw 1 of 1,,,,,4,201145,Jeff Green,1610612751.0,Brooklyn,Nets,BKN,0,0,,,,,,0,0,,,,,,1
424,0022000324,610,4,0,4,10:02 PM,0:03,,,Leonard REBOUND (Off:1 Def:4),,,5,202695,Kawhi Leonard,1610612746.0,LA,Clippers,LAC,0,0,,,,,,0,0,,,,,,1
425,0022000324,611,6,28,4,10:02 PM,0:03,Harden Personal Take Foul (P5.PN) (B.Adair),,,,,4,201935,James Harden,1610612751.0,Brooklyn,Nets,BKN,5,201587,Nicolas Batum,1610612746.0,LA,Clippers,LAC,1,0,,,,,,1
426,0022000324,613,18,3,4,10:03 PM,0:03,,,,119 - 122,3,0,611,,,,,,0,0,,,,,,1,0,,,,,,0
427,0022000324,614,8,0,4,10:04 PM,0:03,,,SUB: Ibaka FOR Morris Sr.,,,5,202694,Marcus Morris Sr.,1610612746.0,LA,Clippers,LAC,5,201586,Serge Ibaka,1610612746.0,LA,Clippers,LAC,0,0,,,,,,0
428,0022000324,615,8,0,4,10:04 PM,0:03,,,SUB: Zubac FOR Jackson,,,5,202704,Reggie Jackson,1610612746.0,LA,Clippers,LAC,5,1627826,Ivica Zubac,1610612746.0,LA,Clippers,LAC,0,0,,,,,,0
429,0022000324,621,8,0,4,10:04 PM,0:03,SUB: Jordan FOR Irving,,,,,4,202681,Kyrie Irving,1610612751.0,Brooklyn,Nets,BKN,4,201599,DeAndre Jordan,1610612751.0,Brooklyn,Nets,BKN,0,0,,,,,,0
430,0022000324,618,3,11,4,10:05 PM,0:03,,,MISS Batum Free Throw 1 of 2,,,5,201587,Nicolas Batum,1610612746.0,LA,Clippers,LAC,0,0,,,,,,0,0,,,,,,1
431,0022000324,619,4,1,4,10:05 PM,0:03,,,Clippers Rebound,,,3,1610612746,,,,,,0,0,,,,,,0,0,,,,,,0
432,0022000324,620,3,12,4,10:05 PM,0:03,,,Batum Free Throw 2 of 2 (21 PTS),120 - 122,2,5,201587,Nicolas Batum,1610612746.0,LA,Clippers,LAC,0,0,,,,,,0,0,,,,,,1
433,0022000324,623,9,1,4,10:06 PM,0:03,NETS Timeout: Regular (Full 5 Short 0),,,,,2,1610612751,,,,,,0,0,,,,,,0,0,,,,,,0
434,0022000324,624,8,0,4,10:06 PM,0:03,SUB: Irving FOR Jordan,,,,,4,201599,DeAndre Jordan,1610612751.0,Brooklyn,Nets,BKN,4,202681,Kyrie Irving,1610612751.0,Brooklyn,Nets,BKN,0,0,,,,,,0
435,0022000324,625,8,0,4,10:06 PM,0:03,,,SUB: Jackson FOR Ibaka,,,5,201586,Serge Ibaka,1610612746.0,LA,Clippers,LAC,5,202704,Reggie Jackson,1610612746.0,LA,Clippers,LAC,0,0,,,,,,0
436,0022000324,626,8,0,4,10:06 PM,0:03,,,SUB: Morris Sr. FOR Zubac,,,5,1627826,Ivica Zubac,1610612746.0,LA,Clippers,LAC,5,202694,Marcus Morris Sr.,1610612746.0,LA,Clippers,LAC,0,0,,,,,,0
437,0022000324,630,6,1,4,10:07 PM,0:01,,,George P.FOUL (P4.PN) (B.Kennedy),,,5,202331,Paul George,1610612746.0,LA,Clippers,LAC,4,202681,Kyrie Irving,1610612751.0,Brooklyn,Nets,BKN,1,0,,,,,,1
438,0022000324,632,3,11,4,10:07 PM,0:01,Irving Free Throw 1 of 2 (38 PTS),,,120 - 123,3,4,202681,Kyrie Irving,1610612751.0,Brooklyn,Nets,BKN,0,0,,,,,,0,0,,,,,,1
439,0022000324,633,3,12,4,10:08 PM,0:01,Irving Free Throw 2 of 2 (39 PTS),,,120 - 124,4,4,202681,Kyrie Irving,1610612751.0,Brooklyn,Nets,BKN,0,0,,,,,,0,0,,,,,,1
440,0022000324,634,13,0,4,10:08 PM,0:00,,,,120 - 124,4,0,0,,,,,,0,0,,,,,,0,0,,,,,,1
