GAME_ID,EVENTNUM,EVENTMSGTYPE,EVENTMSGACTIONTYPE,PERIOD,WCTIMESTRING,PCTIMESTRING,HOMEDESCRIPTION,NEUTRALDESCRIPTION,VISITORDESCRIPTION,SCORE,SCOREMARGIN,PERSON1TYPE,PLAYER1_ID,PLAYER1_NAME,PLAYER1_TEAM_ID,PLAYER1_TEAM_CITY,PLAYER1_TEAM_NICKNAME,PLAYER1_TEAM_ABBREVIATION,PERSON2TYPE,PLAYER2_ID,PLAYER2_NAME,PLAYER2_TEAM_ID,PLAYER2_TEAM_CITY,PLAYER2_TEAM_NICKNAME,PLAYER2_TEAM_ABBREVIATION,PERSON3TYPE,PLAYER3_ID,PLAYER3_NAME,PLAYER3_TEAM_ID,PLAYER3_TEAM_CITY,PLAYER3_TEAM_NICKNAME,PLAYER3_TEAM_ABBREVIATION,VIDEO_AVAILABLE_FLAG
0041500152,0,12,0,1,9:41 PM,12:00,,,,,,0,0,,,,,,0,0,,,,,,0,0,,,,,,0
0041500152,1,10,0,1,9:41 PM,12:00,Jump Ball Duncan vs. Andersen: Tip to Parker,,,,,4,1495,Tim Duncan,1610612759.0,San Antonio,Spurs,SAS,5,2365,Chris Andersen,1610612763.0,Memphis,Grizzlies,MEM,4,2225,Tony Parker,1610612759.0,San Antonio,Spurs,SAS,1
0041500152,2,5,2,1,9:41 PM,11:49,Aldridge Lost Ball Turnover (P1.T1),,Farmar STEAL (1 STL),,,4,200746,LaMarcus Aldridge,1610612759.0,San Antonio,Spurs,SAS,5,200770,Jordan Farmar,1610612763.0,Memphis,Grizzlies,MEM,0,0,,,,,,1
0041500152,3,2,79,1,9:41 PM,11:24,,,MISS Farmar 17' Pullup Jump Shot,,,5,200770,Jordan Farmar,1610612763.0,Memphis,Grizzlies,MEM,0,0,,,,,,0,0,,,,,,1
0041500152,4,4,0,1,9:41 PM,11:23,Duncan REBOUND (Off:0 Def:1),,,,,4,1495,Tim Duncan,1610612759.0,San Antonio,Spurs,SAS,0,0,,,,,,0,0,,,,,,1
0041500152,5,1,1,1,9:42 PM,11:02,Aldridge 22' Jump Shot (2 PTS) (Parker 1 AST),,,0 - 2,2,4,200746,LaMarcus Aldridge,1610612759.0,San Antonio,Spurs,SAS,4,2225,Tony Parker,1610612759.0,San Antonio,Spurs,SAS,0,0,,,,,,1
0041500152,7,1,1,1,9:42 PM,10:38,,,Carter 20' Jump Shot (2 PTS) (Barnes 1 AST),2 - 2,TIE,5,1713,Vince Carter,1610612763.0,Memphis,Grizzlies,MEM,5,2440,Matt Barnes,1610612763.0,Memphis,Grizzlies,MEM,0,0,,,,,,1
0041500152,8,2,1,1,9:43 PM,10:19,MISS Leonard 18' Jump Shot,,,,,4,202695,Kawhi Leonard,1610612759.0,San Antonio,Spurs,SAS,0,0,,,,,,0,0,,,,,,1
0041500152,9,4,0,1,9:43 PM,10:18,,,Andersen REBOUND (Off:0 Def:1),,,5,2365,Chris Andersen,1610612763.0,Memphis,Grizzlies,MEM,0,0,,,,,,0,0,,,,,,1
0041500152,10,2,44,1,9:43 PM,10:06,Aldridge BLOCK (1 BLK),,MISS Carter 1' Reverse Layup,,,5,1713,Vince Carter,1610612763.0,Memphis,Grizzlies,MEM,0,0,,,,,,4,200746,LaMarcus Aldridge,1610612759.0,San Antonio,Spurs,SAS,1
0041500152,11,4,0,1,9:43 PM,10:03,Duncan REBOUND (Off:0 Def:2),,,,,4,1495,Tim Duncan,1610612759.0,San Antonio,Spurs,SAS,0,0,,,,,,0,0,,,,,,1
0041500152,12,2,1,1,9:43 PM,9:57,MISS Green 24' 3PT Jump Shot,,,,,4,201980,Danny Green,1610612759.0,San Antonio,Spurs,SAS,0,0,,,,,,0,0,,,,,,1
0041500152,13,4,0,1,9:43 PM,9:57,,,Barnes REBOUND (Off:0 Def:1),,,5,2440,Matt Barnes,1610612763.0,Memphis,Grizzlies,MEM,0,0,,,,,,0,0,,,,,,1
0041500152,14,2,78,1,9:43 PM,9:32,,,MISS Randolph 14' Floating Jump Shot,,,5,2216,Zach Randolph,1610612763.0,Memphis,Grizzlies,MEM,0,0,,,,,,0,0,,,,,,1
0041500152,15,4,0,1,9:43 PM,9:31,Aldridge REBOUND (Off:0 Def:1),,,,,4,200746,LaMarcus Aldridge,1610612759.0,San Antonio,Spurs,SAS,0,0,,,,,,0,0,,,,,,1
0041500152,16,1,1,1,9:44 PM,9:14,Green  3PT Jump Shot (3 PTS),,,2 - 5,3,4,201980,Danny Green,1610612759.0,San Antonio,Spurs,SAS,0,0,,,,,,0,0,,,,,,1
0041500152,17,5,1,1,9:44 PM,9:04,Duncan STEAL (1 STL),,Andersen Bad Pass Turnover (P1.T1),,,5,2365,Chris Andersen,1610612763.0,Memphis,Grizzlies,MEM,4,1495,Tim Duncan,1610612759.0,San Antonio,Spurs,SAS,0,0,,,,,,1
0041500152,18,1,51,1,9:44 PM,8:50,Leonard  Reverse Dunk (2 PTS) (Parker 2 AST),,,2 - 7,5,4,202695,Kawhi Leonard,1610612759.0,San Antonio,Spurs,SAS,4,2225,Tony Parker,1610612759.0,San Antonio,Spurs,SAS,0,0,,,,,,1
0041500152,19,2,1,1,9:44 PM,8:35,,,MISS Randolph 20' Jump Shot,,,5,2216,Zach Randolph,1610612763.0,Memphis,Grizzlies,MEM,0,0,,,,,,0,0,,,,,,1
0041500152,20,4,0,1,9:44 PM,8:34,Green REBOUND (Off:0 Def:1),,,,,4,201980,Danny Green,1610612759.0,San Antonio,Spurs,SAS,0,0,,,,,,0,0,,,,,,1
0041500152,21,2,1,1,9:45 PM,8:19,MISS Aldridge 17' Jump Shot,,,,,4,200746,LaMarcus Aldridge,1610612759.0,San Antonio,Spurs,SAS,0,0,,,,,,0,0,,,,,,1
0041500152,22,4,0,1,9:45 PM,8:19,,,Andersen REBOUND (Off:0 Def:2),,,5,2365,Chris Andersen,1610612763.0,Memphis,Grizzlies,MEM,0,0,,,,,,0,0,,,,,,1
0041500152,23,6,1,1,9:45 PM,8:10,Aldridge P.FOUL (P1.T1) (J.Williams),,,,,4,200746,LaMarcus Aldridge,1610612759.0,San Antonio,Spurs,SAS,5,2216,Zach Randolph,1610612763.0,Memphis,Grizzlies,MEM,1,0,,,,,,1
0041500152,24,1,1,1,9:45 PM,7:59,,,Randolph 18' Jump Shot (2 PTS),4 - 7,3,5,2216,Zach Randolph,1610612763.0,Memphis,Grizzlies,MEM,0,0,,,,,,0,0,,,,,,1
0041500152,25,2,71,1,9:46 PM,7:28,MISS Green 1' Finger Roll Layup,,,,,4,201980,Danny Green,1610612759.0,San Antonio,Spurs,SAS,0,0,,,,,,0,0,,,,,,1
0041500152,26,4,0,1,9:46 PM,7:27,Aldridge REBOUND (Off:1 Def:1),,,,,4,200746,LaMarcus Aldridge,1610612759.0,San Antonio,Spurs,SAS,0,0,,,,,,0,0,,,,,,1
0041500152,27,2,72,1,9:46 PM,7:24,MISS Aldridge 2' Putback Layup,,,,,4,200746,LaMarcus Aldridge,1610612759.0,San Antonio,Spurs,SAS,0,0,,,,,,0,0,,,,,,1
0041500152,28,4,0,1,9:46 PM,7:23,,,Randolph REBOUND (Off:0 Def:1),,,5,2216,Zach Randolph,1610612763.0,Memphis,Grizzlies,MEM,0,0,,,,,,0,0,,,,,,1
0041500152,29,1,79,1,9:46 PM,7:15,,,Farmar 16' Pullup Jump Shot (2 PTS),6 - 7,1,5,200770,Jordan Farmar,1610612763.0,Memphis,Grizzlies,MEM,0,0,,,,,,0,0,,,,,,1
0041500152,30,2,79,1,9:46 PM,6:55,MISS Parker 11' Pullup Jump Shot,,,,,4,2225,Tony Parker,1610612759.0,San Antonio,Spurs,SAS,0,0,,,,,,0,0,,,,,,1
0041500152,31,4,0,1,9:46 PM,6:55,,,Andersen REBOUND (Off:0 Def:3),,,5,2365,Chris Andersen,1610612763.0,Memphis,Grizzlies,MEM,0,0,,,,,,0,0,,,,,,1
0041500152,32,2,1,1,9:46 PM,6:43,,,MISS Carter 25' 3PT Jump Shot,,,5,1713,Vince Carter,1610612763.0,Memphis,Grizzlies,MEM,0,0,,,,,,0,0,,,,,,1
0041500152,33,4,0,1,9:47 PM,6:43,SPURS Rebound,,,,,2,1610612759,,,,,,0,0,,,,,,0,0,,,,,,0
0041500152,34,6,3,1,9:47 PM,6:43,,,Randolph L.B.FOUL (P1.T1) (J.Williams),,,5,2216,Zach Randolph,1610612763.0,Memphis,Grizzlies,MEM,4,1495,Tim Duncan,1610612759.0,San Antonio,Spurs,SAS,1,0,,,,,,1
0041500152,35,1,47,1,9:47 PM,6:24,Aldridge 15' Turnaround Jump Shot (4 PTS) (Duncan 1 AST),,,6 - 9,3,4,200746,LaMarcus Aldridge,1610612759.0,San Antonio,Spurs,SAS,4,1495,Tim Duncan,1610612759.0,San Antonio,Spurs,SAS,0,0,,,,,,1
0041500152,36,2,79,1,9:47 PM,5:59,Duncan BLOCK (1 BLK),,MISS Randolph 6' Pullup Jump Shot,,,5,2216,Zach Randolph,1610612763.0,Memphis,Grizzlies,MEM,0,0,,,,,,4,1495,Tim Duncan,1610612759.0,San Antonio,Spurs,SAS,1
0041500152,37,4,0,1,9:48 PM,5:57,Green REBOUND (Off:0 Def:2),,,,,4,201980,Danny Green,1610612759.0,San Antonio,Spurs,SAS,0,0,,,,,,0,0,,,,,,1
0041500152,38,2,79,1,9:48 PM,5:49,MISS Parker 16' Pullup Jump Shot,,,,,4,2225,Tony Parker,1610612759.0,San Antonio,Spurs,SAS,0,0,,,,,,0,0,,,,,,1
0041500152,39,4,0,1,9:48 PM,5:46,,,Andersen REBOUND (Off:0 Def:4),,,5,2365,Chris Andersen,1610612763.0,Memphis,Grizzlies,MEM,0,0,,,,,,0,0,,,,,,1
0041500152,40,5,1,1,9:48 PM,5:38,Leonard STEAL (1 STL),,Farmar Bad Pass Turnover (P1.T2),,,5,200770,Jordan Farmar,1610612763.0,Memphis,Grizzlies,MEM,4,202695,Kawhi Leonard,1610612759.0,San Antonio,Spurs,SAS,0,0,,,,,,1
0041500152,41,2,79,1,9:48 PM,5:30,MISS Leonard 21' Pullup Jump Shot,,,,,4,202695,Kawhi Leonard,1610612759.0,San Antonio,Spurs,SAS,0,0,,,,,,0,0,,,,,,1
0041500152,42,4,0,1,9:48 PM,5:29,,,Randolph REBOUND (Off:0 Def:2),,,5,2216,Zach Randolph,1610612763.0,Memphis,Grizzlies,MEM,0,0,,,,,,0,0,,,,,,1
0041500152,43,2,78,1,9:48 PM,5:18,,,MISS Farmar 9' Floating Jump Shot,,,5,200770,Jordan Farmar,1610612763.0,Memphis,Grizzlies,MEM,0,0,,,,,,0,0,,,,,,1
0041500152,44,4,0,1,9:48 PM,5:17,Green REBOUND (Off:0 Def:3),,,,,4,201980,Danny Green,1610612759.0,San Antonio,Spurs,SAS,0,0,,,,,,0,0,,,,,,1
0041500152,45,9,1,1,9:48 PM,5:15,SPURS Timeout: Regular (Full 1 Short 0),,,,,2,1610612759,,,,,,0,0,,,,,,0,0,,,,,,0
0041500152,47,8,0,1,9:51 PM,5:15,,,SUB: Allen FOR Carter,,,5,1713,Vince Carter,1610612763.0,Memphis,Grizzlies,MEM,5,2754,Tony Allen,1610612763.0,Memphis,Grizzlies,MEM,0,0,,,,,,0
0041500152,48,8,0,1,9:51 PM,5:15,SUB: Ginobili FOR Green,,,,,4,201980,Danny Green,1610612759.0,San Antonio,Spurs,SAS,4,1938,Manu Ginobili,1610612759.0,San Antonio,Spurs,SAS,0,0,,,,,,0
0041500152,49,8,0,1,9:51 PM,5:15,SUB: West FOR Duncan,,,,,4,1495,Tim Duncan,1610612759.0,San Antonio,Spurs,SAS,4,2561,David West,1610612759.0,San Antonio,Spurs,SAS,0,0,,,,,,0
0041500152,50,7,5,1,9:52 PM,5:03,,,Allen Violation:Kicked Ball (M.Callahan),,,5,2754,Tony Allen,1610612763.0,Memphis,Grizzlies,MEM,0,0,,,,,,1,0,,,,,,0
0041500152,51,2,5,1,9:52 PM,4:54,MISS Leonard 3' Layup,,,,,4,202695,Kawhi Leonard,1610612759.0,San Antonio,Spurs,SAS,0,0,,,,,,0,0,,,,,,1
0041500152,52,4,0,1,9:52 PM,4:54,,,Randolph REBOUND (Off:0 Def:3),,,5,2216,Zach Randolph,1610612763.0,Memphis,Grizzlies,MEM,0,0,,,,,,0,0,,,,,,1
0041500152,53,1,66,1,9:52 PM,4:33,,,Allen 17' Jump Bank Shot (2 PTS) (Randolph 1 AST),8 - 9,1,5,2754,Tony Allen,1610612763.0,Memphis,Grizzlies,MEM,5,2216,Zach Randolph,1610612763.0,Memphis,Grizzlies,MEM,0,0,,,,,,1
0041500152,54,5,1,1,9:53 PM,4:25,West Bad Pass Turnover (P1.T2),,Barnes STEAL (1 STL),,,4,2561,David West,1610612759.0,San Antonio,Spurs,SAS,5,2440,Matt Barnes,1610612763.0,Memphis,Grizzlies,MEM,0,0,,,,,,1
0041500152,55,2,5,1,9:53 PM,4:18,West BLOCK (1 BLK),,MISS Randolph 2' Layup,,,5,2216,Zach Randolph,1610612763.0,Memphis,Grizzlies,MEM,0,0,,,,,,4,2561,David West,1610612759.0,San Antonio,Spurs,SAS,1
0041500152,56,4,0,1,9:53 PM,4:15,,,Barnes REBOUND (Off:1 Def:1),,,5,2440,Matt Barnes,1610612763.0,Memphis,Grizzlies,MEM,0,0,,,,,,0,0,,,,,,1
0041500152,57,5,45,1,9:53 PM,4:14,,,Barnes Out of Bounds - Bad Pass Turnover Turnover (P1.T3),,,5,2440,Matt Barnes,1610612763.0,Memphis,Grizzlies,MEM,0,0,,,,,,0,0,,,,,,1
0041500152,58,8,0,1,9:53 PM,4:14,SUB: Mills FOR Parker,,,,,4,2225,Tony Parker,1610612759.0,San Antonio,Spurs,SAS,4,201988,Patty Mills,1610612759.0,San Antonio,Spurs,SAS,0,0,,,,,,0
0041500152,59,8,0,1,9:53 PM,4:14,,,SUB: Munford FOR Farmar,,,5,200770,Jordan Farmar,1610612763.0,Memphis,Grizzlies,MEM,5,204098,Xavier Munford,1610612763.0,Memphis,Grizzlies,MEM,0,0,,,,,,0
0041500152,60,1,1,1,9:53 PM,3:52,Aldridge 15' Jump Shot (6 PTS),,,8 - 11,3,4,200746,LaMarcus Aldridge,1610612759.0,San Antonio,Spurs,SAS,0,0,,,,,,0,0,,,,,,1
0041500152,61,1,5,1,9:54 PM,3:30,,,Randolph  Layup (4 PTS),10 - 11,1,5,2216,Zach Randolph,1610612763.0,Memphis,Grizzlies,MEM,0,0,,,,,,0,0,,,,,,1
0041500152,62,2,1,1,9:54 PM,3:14,MISS Aldridge 17' Jump Shot,,,,,4,200746,LaMarcus Aldridge,1610612759.0,San Antonio,Spurs,SAS,0,0,,,,,,0,0,,,,,,1
0041500152,63,4,0,1,9:54 PM,3:13,,,Andersen REBOUND (Off:0 Def:5),,,5,2365,Chris Andersen,1610612763.0,Memphis,Grizzlies,MEM,0,0,,,,,,0,0,,,,,,1
0041500152,64,5,2,1,9:54 PM,3:12,Leonard STEAL (2 STL),,Andersen Lost Ball Turnover (P2.T4),,,5,2365,Chris Andersen,1610612763.0,Memphis,Grizzlies,MEM,4,202695,Kawhi Leonard,1610612759.0,San Antonio,Spurs,SAS,0,0,,,,,,1
0041500152,65,6,2,1,9:54 PM,3:11,,,Andersen S.FOUL (P1.T2) (J.Williams),,,5,2365,Chris Andersen,1610612763.0,Memphis,Grizzlies,MEM,4,202695,Kawhi Leonard,1610612759.0,San Antonio,Spurs,SAS,1,0,,,,,,1
0041500152,66,3,11,1,9:54 PM,3:11,Leonard Free Throw 1 of 2 (3 PTS),,,10 - 12,2,4,202695,Kawhi Leonard,1610612759.0,San Antonio,Spurs,SAS,0,0,,,,,,0,0,,,,,,0
0041500152,68,8,0,1,9:55 PM,3:11,,,SUB: Martin FOR Andersen,,,5,2365,Chris Andersen,1610612763.0,Memphis,Grizzlies,MEM,5,1626185,Jarell Martin,1610612763.0,Memphis,Grizzlies,MEM,0,0,,,,,,0
0041500152,69,3,12,1,9:55 PM,3:11,Leonard Free Throw 2 of 2 (4 PTS),,,10 - 13,3,4,202695,Kawhi Leonard,1610612759.0,San Antonio,Spurs,SAS,0,0,,,,,,0,0,,,,,,0
0041500152,71,6,2,1,9:55 PM,2:57,Leonard S.FOUL (P1.T2) (J.Williams),,,,,4,202695,Kawhi Leonard,1610612759.0,San Antonio,Spurs,SAS,5,1626185,Jarell Martin,1610612763.0,Memphis,Grizzlies,MEM,1,0,,,,,,1
0041500152,72,9,1,1,9:56 PM,2:57,,,Grizzlies Timeout: Regular (Reg.1 Short 0),,,3,1610612763,,,,,,0,0,,,,,,0,0,,,,,,0
0041500152,73,8,0,1,9:58 PM,2:57,SUB: Anderson FOR Leonard,,,,,4,202695,Kawhi Leonard,1610612759.0,San Antonio,Spurs,SAS,4,203937,Kyle Anderson,1610612759.0,San Antonio,Spurs,SAS,0,0,,,,,,0
0041500152,74,3,11,1,9:59 PM,2:57,,,Martin Free Throw 1 of 2 (1 PTS),11 - 13,2,5,1626185,Jarell Martin,1610612763.0,Memphis,Grizzlies,MEM,0,0,,,,,,0,0,,,,,,0
0041500152,76,3,12,1,9:59 PM,2:57,,,MISS Martin Free Throw 2 of 2,,,5,1626185,Jarell Martin,1610612763.0,Memphis,Grizzlies,MEM,0,0,,,,,,0,0,,,,,,0
0041500152,78,4,0,1,9:59 PM,2:56,Aldridge REBOUND (Off:1 Def:2),,,,,4,200746,LaMarcus Aldridge,1610612759.0,San Antonio,Spurs,SAS,0,0,,,,,,0,0,,,,,,1
0041500152,79,2,75,1,9:59 PM,2:33,MISS Anderson 1' Driving Finger Roll Layup,,,,,4,203937,Kyle Anderson,1610612759.0,San Antonio,Spurs,SAS,0,0,,,,,,0,0,,,,,,1
0041500152,80,4,0,1,9:59 PM,2:30,,,Randolph REBOUND (Off:0 Def:4),,,5,2216,Zach Randolph,1610612763.0,Memphis,Grizzlies,MEM,0,0,,,,,,0,0,,,,,,1
0041500152,82,2,1,1,10:00 PM,2:10,,,MISS Barnes 26' 3PT Jump Shot,,,5,2440,Matt Barnes,1610612763.0,Memphis,Grizzlies,MEM,0,0,,,,,,0,0,,,,,,1
0041500152,83,4,0,1,10:00 PM,2:10,SPURS Rebound,,,,,2,1610612759,,,,,,0,0,,,,,,0,0,,,,,,0
0041500152,84,6,1,1,10:00 PM,1:59,,,Martin P.FOUL (P1.T3) (M.Callahan),,,5,1626185,Jarell Martin,1610612763.0,Memphis,Grizzlies,MEM,4,201988,Patty Mills,1610612759.0,San Antonio,Spurs,SAS,1,0,,,,,,1
0041500152,85,8,0,1,10:01 PM,1:59,,,SUB: Stephenson FOR Barnes,,,5,2440,Matt Barnes,1610612763.0,Memphis,Grizzlies,MEM,5,202362,Lance Stephenson,1610612763.0,Memphis,Grizzlies,MEM,0,0,,,,,,0
0041500152,86,1,40,1,10:01 PM,1:51,West 1' Layup (2 PTS) (Mills 1 AST),,,11 - 15,4,4,2561,David West,1610612759.0,San Antonio,Spurs,SAS,4,201988,Patty Mills,1610612759.0,San Antonio,Spurs,SAS,0,0,,,,,,1
0041500152,87,2,5,1,10:01 PM,1:32,Aldridge BLOCK (2 BLK),,MISS Randolph 3' Layup,,,5,2216,Zach Randolph,1610612763.0,Memphis,Grizzlies,MEM,0,0,,,,,,4,200746,LaMarcus Aldridge,1610612759.0,San Antonio,Spurs,SAS,1
0041500152,88,4,0,1,10:01 PM,1:31,Ginobili REBOUND (Off:0 Def:1),,,,,4,1938,Manu Ginobili,1610612759.0,San Antonio,Spurs,SAS,0,0,,,,,,0,0,,,,,,1
0041500152,89,6,28,1,10:01 PM,1:29,,,Allen Personal Take Foul (P1.PN) (M.Callahan),,,5,2754,Tony Allen,1610612763.0,Memphis,Grizzlies,MEM,4,1938,Manu Ginobili,1610612759.0,San Antonio,Spurs,SAS,1,0,,,,,,1
0041500152,90,3,11,1,10:02 PM,1:29,Ginobili Free Throw 1 of 2 (1 PTS),,,11 - 16,5,4,1938,Manu Ginobili,1610612759.0,San Antonio,Spurs,SAS,0,0,,,,,,0,0,,,,,,0
0041500152,92,3,12,1,10:02 PM,1:29,Ginobili Free Throw 2 of 2 (2 PTS),,,11 - 17,6,4,1938,Manu Ginobili,1610612759.0,San Antonio,Spurs,SAS,0,0,,,,,,0,0,,,,,,0
0041500152,94,2,79,1,10:02 PM,1:17,,,MISS Munford 16' Pullup Jump Shot,,,5,204098,Xavier Munford,1610612763.0,Memphis,Grizzlies,MEM,0,0,,,,,,0,0,,,,,,1
0041500152,95,4,0,1,10:02 PM,1:15,Anderson REBOUND (Off:0 Def:1),,,,,4,203937,Kyle Anderson,1610612759.0,San Antonio,Spurs,SAS,0,0,,,,,,0,0,,,,,,1
0041500152,96,5,2,1,10:02 PM,1:14,Anderson Lost Ball Turnover (P1.T3),,Munford STEAL (1 STL),,,4,203937,Kyle Anderson,1610612759.0,San Antonio,Spurs,SAS,5,204098,Xavier Munford,1610612763.0,Memphis,Grizzlies,MEM,0,0,,,,,,1
0041500152,97,5,2,1,10:02 PM,1:12,Ginobili STEAL (1 STL),,Munford Lost Ball Turnover (P1.T5),,,5,204098,Xavier Munford,1610612763.0,Memphis,Grizzlies,MEM,4,1938,Manu Ginobili,1610612759.0,San Antonio,Spurs,SAS,0,0,,,,,,1
0041500152,98,1,78,1,10:03 PM,1:00,Ginobili 10' Floating Jump Shot (4 PTS),,,11 - 19,8,4,1938,Manu Ginobili,1610612759.0,San Antonio,Spurs,SAS,0,0,,,,,,0,0,,,,,,1
0041500152,99,2,79,1,10:03 PM,0:40,,,MISS Stephenson 15' Pullup Jump Shot,,,5,202362,Lance Stephenson,1610612763.0,Memphis,Grizzlies,MEM,0,0,,,,,,0,0,,,,,,1
0041500152,100,4,0,1,10:03 PM,0:38,,,Allen REBOUND (Off:1 Def:0),,,5,2754,Tony Allen,1610612763.0,Memphis,Grizzlies,MEM,0,0,,,,,,0,0,,,,,,1
0041500152,101,2,5,1,10:03 PM,0:35,,,MISS Allen 1' Layup,,,5,2754,Tony Allen,1610612763.0,Memphis,Grizzlies,MEM,0,0,,,,,,0,0,,,,,,1
0041500152,102,4,0,1,10:03 PM,0:35,,,Randolph REBOUND (Off:1 Def:4),,,5,2216,Zach Randolph,1610612763.0,Memphis,Grizzlies,MEM,0,0,,,,,,0,0,,,,,,1
0041500152,103,6,1,1,10:03 PM,0:34,West P.FOUL (P1.T3) (M.Callahan),,,,,4,2561,David West,1610612759.0,San Antonio,Spurs,SAS,5,2216,Zach Randolph,1610612763.0,Memphis,Grizzlies,MEM,1,0,,,,,,1
0041500152,104,8,0,1,10:03 PM,0:34,SUB: Diaw FOR Aldridge,,,,,4,200746,LaMarcus Aldridge,1610612759.0,San Antonio,Spurs,SAS,4,2564,Boris Diaw,1610612759.0,San Antonio,Spurs,SAS,0,0,,,,,,0
0041500152,105,8,0,1,10:04 PM,0:34,,,SUB: Carter FOR Allen,,,5,2754,Tony Allen,1610612763.0,Memphis,Grizzlies,MEM,5,1713,Vince Carter,1610612763.0,Memphis,Grizzlies,MEM,0,0,,,,,,0
0041500152,106,2,79,1,10:04 PM,0:25,,,MISS Stephenson 18' Pullup Jump Shot,,,5,202362,Lance Stephenson,1610612763.0,Memphis,Grizzlies,MEM,0,0,,,,,,0,0,,,,,,1
0041500152,107,4,0,1,10:04 PM,0:24,SPURS Rebound,,,,,2,1610612759,,,,,,0,0,,,,,,0,0,,,,,,0
0041500152,108,8,0,1,10:04 PM,0:24,,,SUB: Allen FOR Carter,,,5,1713,Vince Carter,1610612763.0,Memphis,Grizzlies,MEM,5,2754,Tony Allen,1610612763.0,Memphis,Grizzlies,MEM,0,0,,,,,,0
0041500152,109,8,0,1,10:05 PM,0:24,,,SUB: Green FOR Randolph,,,5,2216,Zach Randolph,1610612763.0,Memphis,Grizzlies,MEM,5,203210,JaMychal Green,1610612763.0,Memphis,Grizzlies,MEM,0,0,,,,,,0
0041500152,110,1,1,1,10:05 PM,0:00,Mills 25' 3PT Jump Shot (3 PTS) (Ginobili 1 AST),,,11 - 22,11,4,201988,Patty Mills,1610612759.0,San Antonio,Spurs,SAS,4,1938,Manu Ginobili,1610612759.0,San Antonio,Spurs,SAS,0,0,,,,,,1
0041500152,111,2,1,1,10:05 PM,0:00,,,MISS Munford 49' 3PT Jump Shot,,,5,204098,Xavier Munford,1610612763.0,Memphis,Grizzlies,MEM,0,0,,,,,,0,0,,,,,,1
0041500152,112,4,0,1,10:05 PM,0:00,,,Grizzlies Rebound,,,3,1610612763,,,,,,0,0,,,,,,0,0,,,,,,0
0041500152,113,13,0,1,10:05 PM,0:00,,,,11 - 22,11,0,0,,,,,,0,0,,,,,,0,0,,,,,,0
0041500152,115,12,0,2,10:09 PM,12:00,,,,11 - 22,11,0,0,,,,,,0,0,,,,,,0,0,,,,,,0
0041500152,116,1,108,2,10:09 PM,11:49,,,Martin  Cutting Dunk Shot (3 PTS) (Munford 1 AST),13 - 22,9,5,1626185,Jarell Martin,1610612763.0,Memphis,Grizzlies,MEM,5,204098,Xavier Munford,1610612763.0,Memphis,Grizzlies,MEM,0,0,,,,,,1
0041500152,117,6,1,2,10:09 PM,11:42,,,Martin P.FOUL (P2.T1) (T.Washington),,,5,1626185,Jarell Martin,1610612763.0,Memphis,Grizzlies,MEM,4,2561,David West,1610612759.0,San Antonio,Spurs,SAS,1,0,,,,,,1
0041500152,118,1,1,2,10:10 PM,11:34,Ginobili 24' 3PT Jump Shot (7 PTS) (Diaw 1 AST),,,13 - 25,12,4,1938,Manu Ginobili,1610612759.0,San Antonio,Spurs,SAS,4,2564,Boris Diaw,1610612759.0,San Antonio,Spurs,SAS,0,0,,,,,,1
0041500152,119,2,1,2,10:10 PM,11:19,,,MISS Green 19' Jump Shot,,,5,203210,JaMychal Green,1610612763.0,Memphis,Grizzlies,MEM,0,0,,,,,,0,0,,,,,,1
0041500152,120,4,0,2,10:10 PM,11:18,Anderson REBOUND (Off:0 Def:2),,,,,4,203937,Kyle Anderson,1610612759.0,San Antonio,Spurs,SAS,0,0,,,,,,0,0,,,,,,1
0041500152,121,2,1,2,10:10 PM,11:11,MISS Mills 25' 3PT Jump Shot,,,,,4,201988,Patty Mills,1610612759.0,San Antonio,Spurs,SAS,0,0,,,,,,0,0,,,,,,1
0041500152,122,4,0,2,10:10 PM,11:10,,,Green REBOUND (Off:0 Def:1),,,5,203210,JaMychal Green,1610612763.0,Memphis,Grizzlies,MEM,0,0,,,,,,0,0,,,,,,1
0041500152,123,1,1,2,10:10 PM,10:57,,,Allen 6' Jump Shot (4 PTS) (Munford 2 AST),15 - 25,10,5,2754,Tony Allen,1610612763.0,Memphis,Grizzlies,MEM,5,204098,Xavier Munford,1610612763.0,Memphis,Grizzlies,MEM,0,0,,,,,,1
0041500152,124,5,1,2,10:11 PM,10:44,Mills Bad Pass Turnover (P1.T4),,Allen STEAL (1 STL),,,4,201988,Patty Mills,1610612759.0,San Antonio,Spurs,SAS,5,2754,Tony Allen,1610612763.0,Memphis,Grizzlies,MEM,0,0,,,,,,1
0041500152,125,6,2,2,10:11 PM,10:42,Ginobili S.FOUL (P1.T1) (T.Washington),,,,,4,1938,Manu Ginobili,1610612759.0,San Antonio,Spurs,SAS,5,2754,Tony Allen,1610612763.0,Memphis,Grizzlies,MEM,1,0,,,,,,1
0041500152,126,3,11,2,10:11 PM,10:42,,,MISS Allen Free Throw 1 of 2,,,5,2754,Tony Allen,1610612763.0,Memphis,Grizzlies,MEM,0,0,,,,,,0,0,,,,,,0
0041500152,127,4,1,2,10:11 PM,10:42,,,Grizzlies Rebound,,,3,1610612763,,,,,,0,0,,,,,,0,0,,,,,,0
0041500152,128,8,0,2,10:11 PM,10:42,SUB: Duncan FOR West,,,,,4,2561,David West,1610612759.0,San Antonio,Spurs,SAS,4,1495,Tim Duncan,1610612759.0,San Antonio,Spurs,SAS,0,0,,,,,,0
0041500152,129,3,12,2,10:11 PM,10:42,,,MISS Allen Free Throw 2 of 2,,,5,2754,Tony Allen,1610612763.0,Memphis,Grizzlies,MEM,0,0,,,,,,0,0,,,,,,0
0041500152,131,4,0,2,10:12 PM,10:41,Anderson REBOUND (Off:0 Def:3),,,,,4,203937,Kyle Anderson,1610612759.0,San Antonio,Spurs,SAS,0,0,,,,,,0,0,,,,,,1
0041500152,132,2,1,2,10:12 PM,10:24,MISS Anderson 8' Jump Shot,,Green BLOCK (1 BLK),,,4,203937,Kyle Anderson,1610612759.0,San Antonio,Spurs,SAS,0,0,,,,,,5,203210,JaMychal Green,1610612763.0,Memphis,Grizzlies,MEM,1
0041500152,133,10,0,2,10:12 PM,10:23,Jump Ball Anderson vs. Green: Tip to Green,,,,,4,203937,Kyle Anderson,1610612759.0,San Antonio,Spurs,SAS,5,203210,JaMychal Green,1610612763.0,Memphis,Grizzlies,MEM,5,203210,JaMychal Green,1610612763.0,Memphis,Grizzlies,MEM,1
0041500152,134,4,0,2,10:12 PM,10:23,,,Grizzlies Rebound,,,3,1610612763,,,,,,0,0,,,,,,0,0,,,,,,0
0041500152,135,2,1,2,10:13 PM,10:05,,,MISS Stephenson 17' Jump Shot,,,5,202362,Lance Stephenson,1610612763.0,Memphis,Grizzlies,MEM,0,0,,,,,,0,0,,,,,,1
0041500152,136,4,0,2,10:13 PM,10:04,Diaw REBOUND (Off:0 Def:1),,,,,4,2564,Boris Diaw,1610612759.0,San Antonio,Spurs,SAS,0,0,,,,,,0,0,,,,,,1
0041500152,137,5,2,2,10:13 PM,9:51,Diaw Lost Ball Turnover (P1.T5),,Green STEAL (1 STL),,,4,2564,Boris Diaw,1610612759.0,San Antonio,Spurs,SAS,5,203210,JaMychal Green,1610612763.0,Memphis,Grizzlies,MEM,0,0,,,,,,1
0041500152,138,1,50,2,10:13 PM,9:45,,,Green  Running Dunk (2 PTS) (Allen 1 AST),17 - 25,8,5,203210,JaMychal Green,1610612763.0,Memphis,Grizzlies,MEM,5,2754,Tony Allen,1610612763.0,Memphis,Grizzlies,MEM,0,0,,,,,,1
0041500152,139,9,1,2,10:13 PM,9:45,SPURS Timeout: Regular (Full 2 Short 0),,,,,2,1610612759,,,,,,0,0,,,,,,0,0,,,,,,0
0041500152,141,8,0,2,10:16 PM,9:45,SUB: Green FOR Ginobili,,,,,4,1938,Manu Ginobili,1610612759.0,San Antonio,Spurs,SAS,4,201980,Danny Green,1610612759.0,San Antonio,Spurs,SAS,0,0,,,,,,0
0041500152,142,8,0,2,10:16 PM,9:45,SUB: Leonard FOR Anderson,,,,,4,203937,Kyle Anderson,1610612759.0,San Antonio,Spurs,SAS,4,202695,Kawhi Leonard,1610612759.0,San Antonio,Spurs,SAS,0,0,,,,,,0
0041500152,143,1,44,2,10:16 PM,9:39,Diaw 1' Reverse Layup (2 PTS) (Green 1 AST),,,17 - 27,10,4,2564,Boris Diaw,1610612759.0,San Antonio,Spurs,SAS,4,201980,Danny Green,1610612759.0,San Antonio,Spurs,SAS,0,0,,,,,,1
0041500152,144,2,1,2,10:17 PM,9:21,Diaw BLOCK (1 BLK),,MISS Green 7' Jump Shot,,,5,203210,JaMychal Green,1610612763.0,Memphis,Grizzlies,MEM,0,0,,,,,,4,2564,Boris Diaw,1610612759.0,San Antonio,Spurs,SAS,1
0041500152,145,4,0,2,10:17 PM,9:20,,,Green REBOUND (Off:1 Def:1),,,5,203210,JaMychal Green,1610612763.0,Memphis,Grizzlies,MEM,0,0,,,,,,0,0,,,,,,1
0041500152,146,1,79,2,10:17 PM,9:14,,,Stephenson 20' Pullup Jump Shot (2 PTS),19 - 27,8,5,202362,Lance Stephenson,1610612763.0,Memphis,Grizzlies,MEM,0,0,,,,,,0,0,,,,,,1
0041500152,147,5,2,2,10:17 PM,8:51,Duncan Lost Ball Turnover (P1.T6),,Green STEAL (2 STL),,,4,1495,Tim Duncan,1610612759.0,San Antonio,Spurs,SAS,5,203210,JaMychal Green,1610612763.0,Memphis,Grizzlies,MEM,0,0,,,,,,1
0041500152,148,1,41,2,10:17 PM,8:45,,,Allen  Running Layup (6 PTS) (Stephenson 1 AST),21 - 27,6,5,2754,Tony Allen,1610612763.0,Memphis,Grizzlies,MEM,5,202362,Lance Stephenson,1610612763.0,Memphis,Grizzlies,MEM,0,0,,,,,,1
0041500152,149,1,79,2,10:18 PM,8:25,Mills 20' Pullup Jump Shot (5 PTS) (Duncan 2 AST),,,21 - 29,8,4,201988,Patty Mills,1610612759.0,San Antonio,Spurs,SAS,4,1495,Tim Duncan,1610612759.0,San Antonio,Spurs,SAS,0,0,,,,,,1
0041500152,150,2,78,2,10:18 PM,8:09,,,MISS Allen 8' Floating Jump Shot,,,5,2754,Tony Allen,1610612763.0,Memphis,Grizzlies,MEM,0,0,,,,,,0,0,,,,,,1
0041500152,151,4,0,2,10:18 PM,8:07,Duncan REBOUND (Off:0 Def:3),,,,,4,1495,Tim Duncan,1610612759.0,San Antonio,Spurs,SAS,0,0,,,,,,0,0,,,,,,1
0041500152,152,1,1,2,10:18 PM,7:59,Mills 25' 3PT Jump Shot (8 PTS) (Diaw 2 AST),,,21 - 32,11,4,201988,Patty Mills,1610612759.0,San Antonio,Spurs,SAS,4,2564,Boris Diaw,1610612759.0,San Antonio,Spurs,SAS,0,0,,,,,,1
0041500152,153,9,1,2,10:18 PM,7:57,,,Grizzlies Timeout: Regular (Reg.2 Short 0),,,3,1610612763,,,,,,0,0,,,,,,0,0,,,,,,0
0041500152,155,8,0,2,10:20 PM,7:57,,,SUB: Andersen FOR Green,,,5,203210,JaMychal Green,1610612763.0,Memphis,Grizzlies,MEM,5,2365,Chris Andersen,1610612763.0,Memphis,Grizzlies,MEM,0,0,,,,,,0
0041500152,156,8,0,2,10:21 PM,7:57,,,SUB: Barnes FOR Allen,,,5,2754,Tony Allen,1610612763.0,Memphis,Grizzlies,MEM,5,2440,Matt Barnes,1610612763.0,Memphis,Grizzlies,MEM,0,0,,,,,,0
0041500152,157,1,99,2,10:22 PM,7:36,,,Stephenson  Cutting Finger Roll Layup Shot (4 PTS) (Barnes 2 AST),23 - 32,9,5,202362,Lance Stephenson,1610612763.0,Memphis,Grizzlies,MEM,5,2440,Matt Barnes,1610612763.0,Memphis,Grizzlies,MEM,0,0,,,,,,1
0041500152,158,2,79,2,10:22 PM,7:20,MISS Leonard 9' Pullup Jump Shot,,,,,4,202695,Kawhi Leonard,1610612759.0,San Antonio,Spurs,SAS,0,0,,,,,,0,0,,,,,,1
0041500152,159,4,0,2,10:22 PM,7:19,,,Andersen REBOUND (Off:0 Def:6),,,5,2365,Chris Andersen,1610612763.0,Memphis,Grizzlies,MEM,0,0,,,,,,0,0,,,,,,1
0041500152,160,6,29,2,10:22 PM,7:04,Diaw Shooting Block Foul (P1.T2) (M.Callahan),,,,,4,2564,Boris Diaw,1610612759.0,San Antonio,Spurs,SAS,5,1626185,Jarell Martin,1610612763.0,Memphis,Grizzlies,MEM,1,0,,,,,,1
0041500152,161,3,11,2,10:22 PM,7:04,,,MISS Martin Free Throw 1 of 2,,,5,1626185,Jarell Martin,1610612763.0,Memphis,Grizzlies,MEM,0,0,,,,,,0,0,,,,,,0
0041500152,162,4,1,2,10:22 PM,7:04,,,Grizzlies Rebound,,,3,1610612763,,,,,,0,0,,,,,,0,0,,,,,,0
0041500152,163,8,0,2,10:23 PM,7:04,,,SUB: Carter FOR Stephenson,,,5,202362,Lance Stephenson,1610612763.0,Memphis,Grizzlies,MEM,5,1713,Vince Carter,1610612763.0,Memphis,Grizzlies,MEM,0,0,,,,,,0
0041500152,164,8,0,2,10:23 PM,7:04,SUB: Parker FOR Mills,,,,,4,201988,Patty Mills,1610612759.0,San Antonio,Spurs,SAS,4,2225,Tony Parker,1610612759.0,San Antonio,Spurs,SAS,0,0,,,,,,0
0041500152,165,8,0,2,10:23 PM,7:04,SUB: Martin FOR Green,,,,,4,201980,Danny Green,1610612759.0,San Antonio,Spurs,SAS,4,2755,Kevin Martin,1610612759.0,San Antonio,Spurs,SAS,0,0,,,,,,0
0041500152,166,3,12,2,10:23 PM,7:04,,,Martin Free Throw 2 of 2 (4 PTS),24 - 32,8,5,1626185,Jarell Martin,1610612763.0,Memphis,Grizzlies,MEM,0,0,,,,,,0,0,,,,,,0
0041500152,168,1,75,2,10:23 PM,6:46,Diaw 1' Driving Finger Roll Layup (4 PTS),,,24 - 34,10,4,2564,Boris Diaw,1610612759.0,San Antonio,Spurs,SAS,0,0,,,,,,0,0,,,,,,1
0041500152,169,2,81,2,10:23 PM,6:36,,,MISS Munford 10' Pullup Bank Shot,,,5,204098,Xavier Munford,1610612763.0,Memphis,Grizzlies,MEM,0,0,,,,,,0,0,,,,,,1
0041500152,170,4,0,2,10:23 PM,6:33,Duncan REBOUND (Off:0 Def:4),,,,,4,1495,Tim Duncan,1610612759.0,San Antonio,Spurs,SAS,0,0,,,,,,0,0,,,,,,1
0041500152,171,1,79,2,10:24 PM,6:15,Leonard 16' Pullup Jump Shot (6 PTS) (Duncan 3 AST),,,24 - 36,12,4,202695,Kawhi Leonard,1610612759.0,San Antonio,Spurs,SAS,4,1495,Tim Duncan,1610612759.0,San Antonio,Spurs,SAS,0,0,,,,,,1
0041500152,172,6,1,2,10:24 PM,5:58,Martin P.FOUL (P1.T3) (T.Washington),,,,,4,2755,Kevin Martin,1610612759.0,San Antonio,Spurs,SAS,5,1713,Vince Carter,1610612763.0,Memphis,Grizzlies,MEM,1,0,,,,,,1
0041500152,173,8,0,2,10:24 PM,5:58,,,SUB: Farmar FOR Munford,,,5,204098,Xavier Munford,1610612763.0,Memphis,Grizzlies,MEM,5,200770,Jordan Farmar,1610612763.0,Memphis,Grizzlies,MEM,0,0,,,,,,0
0041500152,174,8,0,2,10:24 PM,5:58,,,SUB: Randolph FOR Martin,,,5,1626185,Jarell Martin,1610612763.0,Memphis,Grizzlies,MEM,5,2216,Zach Randolph,1610612763.0,Memphis,Grizzlies,MEM,0,0,,,,,,0
0041500152,175,8,0,2,10:24 PM,5:58,SUB: Aldridge FOR Duncan,,,,,4,1495,Tim Duncan,1610612759.0,San Antonio,Spurs,SAS,4,200746,LaMarcus Aldridge,1610612759.0,San Antonio,Spurs,SAS,0,0,,,,,,0
0041500152,176,2,5,2,10:25 PM,5:49,,,MISS Barnes 3' Layup,,,5,2440,Matt Barnes,1610612763.0,Memphis,Grizzlies,MEM,0,0,,,,,,0,0,,,,,,1
0041500152,177,4,0,2,10:25 PM,5:48,,,Randolph REBOUND (Off:2 Def:4),,,5,2216,Zach Randolph,1610612763.0,Memphis,Grizzlies,MEM,0,0,,,,,,0,0,,,,,,1
0041500152,178,2,1,2,10:25 PM,5:38,,,MISS Randolph 18' Jump Shot,,,5,2216,Zach Randolph,1610612763.0,Memphis,Grizzlies,MEM,0,0,,,,,,0,0,,,,,,1
0041500152,179,4,0,2,10:25 PM,5:37,Parker REBOUND (Off:0 Def:1),,,,,4,2225,Tony Parker,1610612759.0,San Antonio,Spurs,SAS,0,0,,,,,,0,0,,,,,,1
0041500152,180,2,1,2,10:25 PM,5:28,MISS Martin 25' 3PT Jump Shot,,,,,4,2755,Kevin Martin,1610612759.0,San Antonio,Spurs,SAS,0,0,,,,,,0,0,,,,,,1
0041500152,181,4,0,2,10:25 PM,5:27,,,Barnes REBOUND (Off:1 Def:2),,,5,2440,Matt Barnes,1610612763.0,Memphis,Grizzlies,MEM,0,0,,,,,,0,0,,,,,,1
0041500152,182,2,1,2,10:25 PM,5:18,,,MISS Farmar 25' 3PT Jump Shot,,,5,200770,Jordan Farmar,1610612763.0,Memphis,Grizzlies,MEM,0,0,,,,,,0,0,,,,,,1
0041500152,183,4,0,2,10:25 PM,5:17,Aldridge REBOUND (Off:1 Def:3),,,,,4,200746,LaMarcus Aldridge,1610612759.0,San Antonio,Spurs,SAS,0,0,,,,,,0,0,,,,,,1
0041500152,184,1,75,2,10:26 PM,5:03,Martin 3' Driving Finger Roll Layup (2 PTS),,,24 - 38,14,4,2755,Kevin Martin,1610612759.0,San Antonio,Spurs,SAS,0,0,,,,,,0,0,,,,,,1
0041500152,185,6,2,2,10:26 PM,5:03,,,Carter S.FOUL (P1.T2) (T.Washington),,,5,1713,Vince Carter,1610612763.0,Memphis,Grizzlies,MEM,4,2755,Kevin Martin,1610612759.0,San Antonio,Spurs,SAS,1,0,,,,,,1
0041500152,186,3,10,2,10:26 PM,5:03,Martin Free Throw 1 of 1 (3 PTS),,,24 - 39,15,4,2755,Kevin Martin,1610612759.0,San Antonio,Spurs,SAS,0,0,,,,,,0,0,,,,,,0
0041500152,188,2,1,2,10:26 PM,4:46,,,MISS Carter 20' Jump Shot,,,5,1713,Vince Carter,1610612763.0,Memphis,Grizzlies,MEM,0,0,,,,,,0,0,,,,,,1
0041500152,189,4,0,2,10:26 PM,4:46,Aldridge REBOUND (Off:1 Def:4),,,,,4,200746,LaMarcus Aldridge,1610612759.0,San Antonio,Spurs,SAS,0,0,,,,,,0,0,,,,,,1
0041500152,190,2,79,2,10:26 PM,4:31,MISS Leonard 21' Pullup Jump Shot,,,,,4,202695,Kawhi Leonard,1610612759.0,San Antonio,Spurs,SAS,0,0,,,,,,0,0,,,,,,1
0041500152,191,4,0,2,10:26 PM,4:29,,,Barnes REBOUND (Off:1 Def:3),,,5,2440,Matt Barnes,1610612763.0,Memphis,Grizzlies,MEM,0,0,,,,,,0,0,,,,,,1
0041500152,192,2,81,2,10:27 PM,4:23,,,MISS Barnes 8' Pullup Bank Shot,,,5,2440,Matt Barnes,1610612763.0,Memphis,Grizzlies,MEM,0,0,,,,,,0,0,,,,,,1
0041500152,193,4,0,2,10:27 PM,4:20,Leonard REBOUND (Off:0 Def:1),,,,,4,202695,Kawhi Leonard,1610612759.0,San Antonio,Spurs,SAS,0,0,,,,,,0,0,,,,,,1
0041500152,194,2,47,2,10:27 PM,4:11,MISS Leonard 9' Turnaround Jump Shot,,,,,4,202695,Kawhi Leonard,1610612759.0,San Antonio,Spurs,SAS,0,0,,,,,,0,0,,,,,,1
0041500152,195,4,0,2,10:27 PM,4:10,,,Barnes REBOUND (Off:1 Def:4),,,5,2440,Matt Barnes,1610612763.0,Memphis,Grizzlies,MEM,0,0,,,,,,0,0,,,,,,1
0041500152,196,5,40,2,10:27 PM,3:54,,,Randolph Out of Bounds Lost Ball Turnover (P1.T6),,,5,2216,Zach Randolph,1610612763.0,Memphis,Grizzlies,MEM,0,0,,,,,,1,0,,,,,,1
0041500152,197,8,0,2,10:27 PM,3:54,SUB: Duncan FOR Diaw,,,,,4,2564,Boris Diaw,1610612759.0,San Antonio,Spurs,SAS,4,1495,Tim Duncan,1610612759.0,San Antonio,Spurs,SAS,0,0,,,,,,0
0041500152,198,1,79,2,10:28 PM,3:43,Parker 19' Pullup Jump Shot (2 PTS),,,24 - 41,17,4,2225,Tony Parker,1610612759.0,San Antonio,Spurs,SAS,0,0,,,,,,0,0,,,,,,1
0041500152,199,1,79,2,10:28 PM,3:27,,,Barnes 11' Pullup Jump Shot (2 PTS),26 - 41,15,5,2440,Matt Barnes,1610612763.0,Memphis,Grizzlies,MEM,0,0,,,,,,0,0,,,,,,1
0041500152,200,1,1,2,10:28 PM,3:12,Martin 24' 3PT Jump Shot (6 PTS) (Parker 3 AST),,,26 - 44,18,4,2755,Kevin Martin,1610612759.0,San Antonio,Spurs,SAS,4,2225,Tony Parker,1610612759.0,San Antonio,Spurs,SAS,0,0,,,,,,1
0041500152,201,6,1,2,10:28 PM,3:05,Martin P.FOUL (P2.T4) (J.Williams),,,,,4,2755,Kevin Martin,1610612759.0,San Antonio,Spurs,SAS,5,1713,Vince Carter,1610612763.0,Memphis,Grizzlies,MEM,1,0,,,,,,1
0041500152,202,8,0,2,10:28 PM,3:05,,,SUB: Green FOR Andersen,,,5,2365,Chris Andersen,1610612763.0,Memphis,Grizzlies,MEM,5,203210,JaMychal Green,1610612763.0,Memphis,Grizzlies,MEM,0,0,,,,,,0
0041500152,203,1,108,2,10:29 PM,2:52,,,Green  Cutting Dunk Shot (4 PTS) (Carter 1 AST),28 - 44,16,5,203210,JaMychal Green,1610612763.0,Memphis,Grizzlies,MEM,5,1713,Vince Carter,1610612763.0,Memphis,Grizzlies,MEM,0,0,,,,,,1
0041500152,204,2,63,2,10:29 PM,2:26,MISS Parker 6' Fadeaway Jumper,,,,,4,2225,Tony Parker,1610612759.0,San Antonio,Spurs,SAS,0,0,,,,,,0,0,,,,,,1
0041500152,205,4,0,2,10:29 PM,2:25,SPURS Rebound,,,,,2,1610612759,,,,,,0,0,,,,,,0,0,,,,,,0
0041500152,206,6,3,2,10:29 PM,2:25,,,Carter L.B.FOUL (P2.T3) (M.Callahan),,,5,1713,Vince Carter,1610612763.0,Memphis,Grizzlies,MEM,4,1495,Tim Duncan,1610612759.0,San Antonio,Spurs,SAS,1,0,,,,,,1
0041500152,207,9,4,2,10:30 PM,2:25,,,,,,1,0,,,,,,0,0,,,,,,0,0,,,,,,0
0041500152,209,8,0,2,10:32 PM,2:25,,,SUB: Allen FOR Carter,,,5,1713,Vince Carter,1610612763.0,Memphis,Grizzlies,MEM,5,2754,Tony Allen,1610612763.0,Memphis,Grizzlies,MEM,0,0,,,,,,0
0041500152,210,1,49,2,10:33 PM,2:15,Leonard  Driving Dunk (8 PTS),,,28 - 46,18,4,202695,Kawhi Leonard,1610612759.0,San Antonio,Spurs,SAS,0,0,,,,,,0,0,,,,,,1
0041500152,211,6,2,2,10:33 PM,1:53,Leonard S.FOUL (P2.PN) (J.Williams),,,,,4,202695,Kawhi Leonard,1610612759.0,San Antonio,Spurs,SAS,5,2216,Zach Randolph,1610612763.0,Memphis,Grizzlies,MEM,1,0,,,,,,1
0041500152,212,3,11,2,10:34 PM,1:53,,,Randolph Free Throw 1 of 2 (5 PTS),29 - 46,17,5,2216,Zach Randolph,1610612763.0,Memphis,Grizzlies,MEM,0,0,,,,,,0,0,,,,,,0
0041500152,214,3,12,2,10:34 PM,1:53,,,MISS Randolph Free Throw 2 of 2,,,5,2216,Zach Randolph,1610612763.0,Memphis,Grizzlies,MEM,0,0,,,,,,0,0,,,,,,0
0041500152,216,4,0,2,10:34 PM,1:52,Aldridge REBOUND (Off:1 Def:5),,,,,4,200746,LaMarcus Aldridge,1610612759.0,San Antonio,Spurs,SAS,0,0,,,,,,0,0,,,,,,1
0041500152,217,6,3,2,10:34 PM,1:43,,,Farmar L.B.FOUL (P1.T4) (T.Washington),,,5,200770,Jordan Farmar,1610612763.0,Memphis,Grizzlies,MEM,4,2225,Tony Parker,1610612759.0,San Antonio,Spurs,SAS,1,0,,,,,,1
0041500152,218,6,11,2,10:34 PM,1:43,,,Farmar T.FOUL (P1.T4) (T.Washington),,,5,200770,Jordan Farmar,1610612763.0,Memphis,Grizzlies,MEM,0,0,,,,,,1,0,,,,,,0
0041500152,219,3,16,2,10:34 PM,1:43,Leonard Free Throw Technical (9 PTS),,,29 - 47,18,4,202695,Kawhi Leonard,1610612759.0,San Antonio,Spurs,SAS,0,0,,,,,,0,0,,,,,,0
0041500152,221,2,1,2,10:35 PM,1:31,MISS Aldridge 15' Jump Shot,,,,,4,200746,LaMarcus Aldridge,1610612759.0,San Antonio,Spurs,SAS,0,0,,,,,,0,0,,,,,,1
0041500152,222,4,0,2,10:35 PM,1:31,,,Allen REBOUND (Off:1 Def:1),,,5,2754,Tony Allen,1610612763.0,Memphis,Grizzlies,MEM,0,0,,,,,,0,0,,,,,,1
0041500152,223,2,66,2,10:35 PM,1:19,,,MISS Randolph 8' Jump Bank Shot,,,5,2216,Zach Randolph,1610612763.0,Memphis,Grizzlies,MEM,0,0,,,,,,0,0,,,,,,1
0041500152,224,4,0,2,10:35 PM,1:17,,,Green REBOUND (Off:2 Def:1),,,5,203210,JaMychal Green,1610612763.0,Memphis,Grizzlies,MEM,0,0,,,,,,0,0,,,,,,1
0041500152,225,2,79,2,10:35 PM,1:12,,,MISS Farmar 19' Pullup Jump Shot,,,5,200770,Jordan Farmar,1610612763.0,Memphis,Grizzlies,MEM,0,0,,,,,,0,0,,,,,,1
0041500152,226,4,0,2,10:36 PM,1:11,Leonard REBOUND (Off:0 Def:2),,,,,4,202695,Kawhi Leonard,1610612759.0,San Antonio,Spurs,SAS,0,0,,,,,,0,0,,,,,,1
0041500152,227,5,2,2,10:36 PM,1:09,Leonard Lost Ball Turnover (P1.T7),,Randolph STEAL (1 STL),,,4,202695,Kawhi Leonard,1610612759.0,San Antonio,Spurs,SAS,5,2216,Zach Randolph,1610612763.0,Memphis,Grizzlies,MEM,0,0,,,,,,1
0041500152,228,1,71,2,10:36 PM,1:05,,,Randolph 2' Finger Roll Layup (7 PTS),31 - 47,16,5,2216,Zach Randolph,1610612763.0,Memphis,Grizzlies,MEM,0,0,,,,,,0,0,,,,,,1
0041500152,229,1,79,2,10:36 PM,0:48,Parker 15' Pullup Jump Shot (4 PTS),,,31 - 49,18,4,2225,Tony Parker,1610612759.0,San Antonio,Spurs,SAS,0,0,,,,,,0,0,,,,,,1
0041500152,230,2,1,2,10:36 PM,0:38,,,MISS Allen 25' 3PT Jump Shot,,,5,2754,Tony Allen,1610612763.0,Memphis,Grizzlies,MEM,0,0,,,,,,0,0,,,,,,1
0041500152,231,4,0,2,10:36 PM,0:37,,,Green REBOUND (Off:3 Def:1),,,5,203210,JaMychal Green,1610612763.0,Memphis,Grizzlies,MEM,0,0,,,,,,0,0,,,,,,1
0041500152,232,1,107,2,10:36 PM,0:37,,,Green  Tip Dunk Shot (6 PTS),33 - 49,16,5,203210,JaMychal Green,1610612763.0,Memphis,Grizzlies,MEM,0,0,,,,,,0,0,,,,,,1
0041500152,233,9,2,2,10:36 PM,0:37,SPURS Timeout: Short (Full 2 Short 1),,,,,2,1610612759,,,,,,0,0,,,,,,0,0,,,,,,0
0041500152,235,5,2,2,10:38 PM,0:31,Parker Lost Ball Turnover (P1.T8),,Farmar STEAL (2 STL),,,4,2225,Tony Parker,1610612759.0,San Antonio,Spurs,SAS,5,200770,Jordan Farmar,1610612763.0,Memphis,Grizzlies,MEM,0,0,,,,,,1
0041500152,236,6,2,2,10:38 PM,0:10,Leonard S.FOUL (P3.PN) (M.Callahan),,,,,4,202695,Kawhi Leonard,1610612759.0,San Antonio,Spurs,SAS,5,2754,Tony Allen,1610612763.0,Memphis,Grizzlies,MEM,1,0,,,,,,1
0041500152,237,3,13,2,10:38 PM,0:10,,,MISS Allen Free Throw 1 of 3,,,5,2754,Tony Allen,1610612763.0,Memphis,Grizzlies,MEM,0,0,,,,,,0,0,,,,,,0
0041500152,238,4,1,2,10:38 PM,0:10,,,Grizzlies Rebound,,,3,1610612763,,,,,,0,0,,,,,,0,0,,,,,,0
0041500152,239,3,14,2,10:39 PM,0:10,,,Allen Free Throw 2 of 3 (7 PTS),34 - 49,15,5,2754,Tony Allen,1610612763.0,Memphis,Grizzlies,MEM,0,0,,,,,,0,0,,,,,,0
0041500152,241,8,0,2,10:39 PM,0:10,,,SUB: Munford FOR Farmar,,,5,200770,Jordan Farmar,1610612763.0,Memphis,Grizzlies,MEM,5,204098,Xavier Munford,1610612763.0,Memphis,Grizzlies,MEM,0,0,,,,,,0
0041500152,242,8,0,2,10:39 PM,0:10,,,SUB: Martin FOR Randolph,,,5,2216,Zach Randolph,1610612763.0,Memphis,Grizzlies,MEM,5,1626185,Jarell Martin,1610612763.0,Memphis,Grizzlies,MEM,0,0,,,,,,0
0041500152,243,3,15,2,10:39 PM,0:10,,,Allen Free Throw 3 of 3 (8 PTS),35 - 49,14,5,2754,Tony Allen,1610612763.0,Memphis,Grizzlies,MEM,0,0,,,,,,0,0,,,,,,0
0041500152,245,5,39,2,10:40 PM,0:01,Martin Step Out of Bounds Turnover (P1.T9),,,,,4,2755,Kevin Martin,1610612759.0,San Antonio,Spurs,SAS,0,0,,,,,,1,0,,,,,,1
0041500152,246,9,2,2,10:40 PM,0:01,,,Grizzlies Timeout: Short (Reg.2 Short 1),,,3,1610612763,,,,,,0,0,,,,,,0,0,,,,,,0
0041500152,248,8,0,2,10:40 PM,0:01,SUB: Marjanovic FOR Duncan,,,,,4,1495,Tim Duncan,1610612759.0,San Antonio,Spurs,SAS,4,1626246,Boban Marjanovic,1610612759.0,San Antonio,Spurs,SAS,0,0,,,,,,0
0041500152,249,8,0,2,10:40 PM,0:01,SUB: Green FOR Leonard,,,,,4,202695,Kawhi Leonard,1610612759.0,San Antonio,Spurs,SAS,4,201980,Danny Green,1610612759.0,San Antonio,Spurs,SAS,0,0,,,,,,0
0041500152,250,8,0,2,10:41 PM,0:01,,,SUB: Farmar FOR Allen,,,5,2754,Tony Allen,1610612763.0,Memphis,Grizzlies,MEM,5,200770,Jordan Farmar,1610612763.0,Memphis,Grizzlies,MEM,0,0,,,,,,0
0041500152,251,8,0,2,10:41 PM,0:01,,,SUB: Carter FOR Martin,,,5,1626185,Jarell Martin,1610612763.0,Memphis,Grizzlies,MEM,5,1713,Vince Carter,1610612763.0,Memphis,Grizzlies,MEM,0,0,,,,,,0
0041500152,252,8,0,2,10:41 PM,0:01,,,SUB: Randolph FOR Green,,,5,203210,JaMychal Green,1610612763.0,Memphis,Grizzlies,MEM,5,2216,Zach Randolph,1610612763.0,Memphis,Grizzlies,MEM,0,0,,,,,,0
0041500152,253,5,1,2,10:41 PM,0:00,Green STEAL (1 STL),,Barnes Bad Pass Turnover (P2.T7),,,5,2440,Matt Barnes,1610612763.0,Memphis,Grizzlies,MEM,4,201980,Danny Green,1610612759.0,San Antonio,Spurs,SAS,0,0,,,,,,1
0041500152,256,13,0,2,10:41 PM,0:00,,,,35 - 49,14,0,0,,,,,,0,0,,,,,,0,0,,,,,,0
0041500152,258,12,0,3,10:59 PM,12:00,,,,35 - 49,14,0,0,,,,,,0,0,,,,,,0,0,,,,,,0
0041500152,259,2,79,3,11:00 PM,11:34,,,MISS Barnes 27' 3PT Pullup Jump Shot,,,5,2440,Matt Barnes,1610612763.0,Memphis,Grizzlies,MEM,0,0,,,,,,0,0,,,,,,1
0041500152,260,4,0,3,11:00 PM,11:34,Green REBOUND (Off:0 Def:4),,,,,4,201980,Danny Green,1610612759.0,San Antonio,Spurs,SAS,0,0,,,,,,0,0,,,,,,1
0041500152,261,2,1,3,11:00 PM,11:10,MISS Green 25' 3PT Jump Shot,,,,,4,201980,Danny Green,1610612759.0,San Antonio,Spurs,SAS,0,0,,,,,,0,0,,,,,,1
0041500152,262,4,0,3,11:00 PM,11:10,SPURS Rebound,,,,,2,1610612759,,,,,,0,0,,,,,,0,0,,,,,,0
0041500152,263,5,11,3,11:00 PM,11:10,SPURS Turnover: Shot Clock (T#10),,,,,2,1610612759,,,,,,0,0,,,,,,1,0,,,,,,0
0041500152,264,2,79,3,11:01 PM,10:54,,,MISS Randolph 12' Pullup Jump Shot,,,5,2216,Zach Randolph,1610612763.0,Memphis,Grizzlies,MEM,0,0,,,,,,0,0,,,,,,1
0041500152,265,4,0,3,11:01 PM,10:53,Duncan REBOUND (Off:0 Def:5),,,,,4,1495,Tim Duncan,1610612759.0,San Antonio,Spurs,SAS,0,0,,,,,,0,0,,,,,,1
0041500152,266,1,71,3,11:01 PM,10:47,Parker 1' Finger Roll Layup (6 PTS),,,35 - 51,16,4,2225,Tony Parker,1610612759.0,San Antonio,Spurs,SAS,0,0,,,,,,0,0,,,,,,1
0041500152,267,2,71,3,11:01 PM,10:24,,,MISS Barnes 4' Finger Roll Layup,,,5,2440,Matt Barnes,1610612763.0,Memphis,Grizzlies,MEM,0,0,,,,,,0,0,,,,,,1
0041500152,268,4,0,3,11:01 PM,10:22,Green REBOUND (Off:0 Def:5),,,,,4,201980,Danny Green,1610612759.0,San Antonio,Spurs,SAS,0,0,,,,,,0,0,,,,,,1
0041500152,269,2,79,3,11:01 PM,10:10,MISS Parker 20' Pullup Jump Shot,,,,,4,2225,Tony Parker,1610612759.0,San Antonio,Spurs,SAS,0,0,,,,,,0,0,,,,,,1
0041500152,270,4,0,3,11:01 PM,10:09,,,Randolph REBOUND (Off:2 Def:5),,,5,2216,Zach Randolph,1610612763.0,Memphis,Grizzlies,MEM,0,0,,,,,,0,0,,,,,,1
0041500152,271,2,79,3,11:02 PM,9:54,,,MISS Farmar 25' 3PT Pullup Jump Shot,,,5,200770,Jordan Farmar,1610612763.0,Memphis,Grizzlies,MEM,0,0,,,,,,0,0,,,,,,1
0041500152,272,4,0,3,11:02 PM,9:53,Leonard REBOUND (Off:0 Def:3),,,,,4,202695,Kawhi Leonard,1610612759.0,San Antonio,Spurs,SAS,0,0,,,,,,0,0,,,,,,1
0041500152,273,1,1,3,11:02 PM,9:44,Green 25' 3PT Jump Shot (6 PTS) (Duncan 4 AST),,,35 - 54,19,4,201980,Danny Green,1610612759.0,San Antonio,Spurs,SAS,4,1495,Tim Duncan,1610612759.0,San Antonio,Spurs,SAS,0,0,,,,,,1
0041500152,274,6,17,3,11:02 PM,9:30,SPURS T.Foul (Def. 3 Sec Duncan ) (M.Callahan),,,,,4,1495,Tim Duncan,1610612759.0,San Antonio,Spurs,SAS,0,0,,,,,,1,0,,,,,,1
0041500152,275,3,16,3,11:02 PM,9:30,,,Farmar Free Throw Technical (3 PTS),36 - 54,18,5,200770,Jordan Farmar,1610612763.0,Memphis,Grizzlies,MEM,0,0,,,,,,0,0,,,,,,0
0041500152,278,1,1,3,11:03 PM,9:15,,,Carter 19' Jump Shot (4 PTS) (Randolph 2 AST),38 - 54,16,5,1713,Vince Carter,1610612763.0,Memphis,Grizzlies,MEM,5,2216,Zach Randolph,1610612763.0,Memphis,Grizzlies,MEM,0,0,,,,,,1
0041500152,279,2,79,3,11:03 PM,9:04,MISS Parker 17' Pullup Jump Shot,,,,,4,2225,Tony Parker,1610612759.0,San Antonio,Spurs,SAS,0,0,,,,,,0,0,,,,,,1
0041500152,280,4,0,3,11:03 PM,9:04,,,Grizzlies Rebound,,,3,1610612763,,,,,,0,0,,,,,,0,0,,,,,,0
0041500152,281,2,86,3,11:03 PM,8:43,,,MISS Carter 17' Turnaround Fadeaway Shot,,,5,1713,Vince Carter,1610612763.0,Memphis,Grizzlies,MEM,0,0,,,,,,0,0,,,,,,1
0041500152,282,4,0,3,11:04 PM,8:41,Duncan REBOUND (Off:0 Def:6),,,,,4,1495,Tim Duncan,1610612759.0,San Antonio,Spurs,SAS,0,0,,,,,,0,0,,,,,,1
0041500152,283,2,1,3,11:04 PM,8:25,MISS Aldridge 19' Jump Shot,,,,,4,200746,LaMarcus Aldridge,1610612759.0,San Antonio,Spurs,SAS,0,0,,,,,,0,0,,,,,,1
0041500152,284,4,0,3,11:04 PM,8:24,,,Farmar REBOUND (Off:0 Def:1),,,5,200770,Jordan Farmar,1610612763.0,Memphis,Grizzlies,MEM,0,0,,,,,,0,0,,,,,,1
0041500152,285,2,1,3,11:04 PM,8:17,,,MISS Barnes 25' 3PT Jump Shot,,,5,2440,Matt Barnes,1610612763.0,Memphis,Grizzlies,MEM,0,0,,,,,,0,0,,,,,,1
0041500152,286,4,0,3,11:04 PM,8:16,SPURS Rebound,,,,,2,1610612759,,,,,,0,0,,,,,,0,0,,,,,,0
0041500152,287,5,1,3,11:04 PM,7:58,Green Bad Pass Turnover (P1.T11),,Carter STEAL (1 STL),,,4,201980,Danny Green,1610612759.0,San Antonio,Spurs,SAS,5,1713,Vince Carter,1610612763.0,Memphis,Grizzlies,MEM,0,0,,,,,,1
0041500152,288,2,5,3,11:05 PM,7:51,,,MISS Barnes 2' Layup,,,5,2440,Matt Barnes,1610612763.0,Memphis,Grizzlies,MEM,0,0,,,,,,0,0,,,,,,1
0041500152,289,4,0,3,11:05 PM,7:51,,,Andersen REBOUND (Off:1 Def:6),,,5,2365,Chris Andersen,1610612763.0,Memphis,Grizzlies,MEM,0,0,,,,,,0,0,,,,,,1
0041500152,290,1,97,3,11:05 PM,7:51,,,Andersen 1' Tip Layup Shot (2 PTS),40 - 54,14,5,2365,Chris Andersen,1610612763.0,Memphis,Grizzlies,MEM,0,0,,,,,,0,0,,,,,,1
0041500152,291,1,7,3,11:05 PM,7:33,Leonard  Dunk (11 PTS) (Green 2 AST),,,40 - 56,16,4,202695,Kawhi Leonard,1610612759.0,San Antonio,Spurs,SAS,4,201980,Danny Green,1610612759.0,San Antonio,Spurs,SAS,0,0,,,,,,1
0041500152,292,1,98,3,11:05 PM,7:10,,,Barnes 1' Cutting Layup Shot (4 PTS) (Randolph 3 AST),42 - 56,14,5,2440,Matt Barnes,1610612763.0,Memphis,Grizzlies,MEM,5,2216,Zach Randolph,1610612763.0,Memphis,Grizzlies,MEM,0,0,,,,,,1
0041500152,293,9,1,3,11:05 PM,7:09,SPURS Timeout: Regular (Full 3 Short 1),,,,,2,1610612759,,,,,,0,0,,,,,,0,0,,,,,,0
0041500152,294,5,2,3,11:09 PM,6:51,Aldridge Lost Ball Turnover (P2.T12),,Carter STEAL (2 STL),,,4,200746,LaMarcus Aldridge,1610612759.0,San Antonio,Spurs,SAS,5,1713,Vince Carter,1610612763.0,Memphis,Grizzlies,MEM,0,0,,,,,,1
0041500152,295,2,43,3,11:09 PM,6:47,,,MISS Barnes 2' Alley Oop Layup,,,5,2440,Matt Barnes,1610612763.0,Memphis,Grizzlies,MEM,0,0,,,,,,0,0,,,,,,1
0041500152,296,4,0,3,11:09 PM,6:46,,,Carter REBOUND (Off:1 Def:0),,,5,1713,Vince Carter,1610612763.0,Memphis,Grizzlies,MEM,0,0,,,,,,0,0,,,,,,1
0041500152,297,2,97,3,11:09 PM,6:45,Leonard BLOCK (1 BLK),,MISS Carter  Tip Layup Shot,,,5,1713,Vince Carter,1610612763.0,Memphis,Grizzlies,MEM,0,0,,,,,,4,202695,Kawhi Leonard,1610612759.0,San Antonio,Spurs,SAS,1
0041500152,298,4,0,3,11:09 PM,6:38,Duncan REBOUND (Off:0 Def:7),,,,,4,1495,Tim Duncan,1610612759.0,San Antonio,Spurs,SAS,0,0,,,,,,0,0,,,,,,1
0041500152,299,6,2,3,11:09 PM,6:24,,,Barnes S.FOUL (P1.T1) (M.Callahan),,,5,2440,Matt Barnes,1610612763.0,Memphis,Grizzlies,MEM,4,202695,Kawhi Leonard,1610612759.0,San Antonio,Spurs,SAS,1,0,,,,,,1
0041500152,300,3,11,3,11:10 PM,6:24,Leonard Free Throw 1 of 2 (12 PTS),,,42 - 57,15,4,202695,Kawhi Leonard,1610612759.0,San Antonio,Spurs,SAS,0,0,,,,,,0,0,,,,,,0
0041500152,302,8,0,3,11:10 PM,6:24,,,SUB: Allen FOR Carter,,,5,1713,Vince Carter,1610612763.0,Memphis,Grizzlies,MEM,5,2754,Tony Allen,1610612763.0,Memphis,Grizzlies,MEM,0,0,,,,,,0
0041500152,303,3,12,3,11:10 PM,6:24,Leonard Free Throw 2 of 2 (13 PTS),,,42 - 58,16,4,202695,Kawhi Leonard,1610612759.0,San Antonio,Spurs,SAS,0,0,,,,,,0,0,,,,,,0
0041500152,305,2,3,3,11:10 PM,6:04,Aldridge BLOCK (3 BLK),,MISS Randolph 6' Hook Shot,,,5,2216,Zach Randolph,1610612763.0,Memphis,Grizzlies,MEM,0,0,,,,,,4,200746,LaMarcus Aldridge,1610612759.0,San Antonio,Spurs,SAS,1
0041500152,306,4,0,3,11:11 PM,6:01,,,Randolph REBOUND (Off:3 Def:5),,,5,2216,Zach Randolph,1610612763.0,Memphis,Grizzlies,MEM,0,0,,,,,,0,0,,,,,,1
0041500152,307,2,72,3,11:11 PM,6:01,,,MISS Randolph 1' Putback Layup,,,5,2216,Zach Randolph,1610612763.0,Memphis,Grizzlies,MEM,0,0,,,,,,0,0,,,,,,1
0041500152,308,4,0,3,11:11 PM,6:01,,,Allen REBOUND (Off:2 Def:1),,,5,2754,Tony Allen,1610612763.0,Memphis,Grizzlies,MEM,0,0,,,,,,0,0,,,,,,1
0041500152,309,5,40,3,11:11 PM,6:01,,,Allen Out of Bounds Lost Ball Turnover (P1.T8),,,5,2754,Tony Allen,1610612763.0,Memphis,Grizzlies,MEM,0,0,,,,,,0,0,,,,,,1
0041500152,310,1,1,3,11:11 PM,5:41,Aldridge 18' Jump Shot (8 PTS) (Parker 4 AST),,,42 - 60,18,4,200746,LaMarcus Aldridge,1610612759.0,San Antonio,Spurs,SAS,4,2225,Tony Parker,1610612759.0,San Antonio,Spurs,SAS,0,0,,,,,,1
0041500152,311,1,1,3,11:11 PM,5:28,,,Barnes 25' 3PT Jump Shot (7 PTS) (Farmar 1 AST),45 - 60,15,5,2440,Matt Barnes,1610612763.0,Memphis,Grizzlies,MEM,5,200770,Jordan Farmar,1610612763.0,Memphis,Grizzlies,MEM,0,0,,,,,,1
0041500152,312,1,86,3,11:12 PM,5:08,Aldridge 14' Turnaround Fadeaway (10 PTS),,,45 - 62,17,4,200746,LaMarcus Aldridge,1610612759.0,San Antonio,Spurs,SAS,0,0,,,,,,0,0,,,,,,1
0041500152,313,5,1,3,11:12 PM,4:59,Green STEAL (2 STL),,Allen Bad Pass Turnover (P2.T9),,,5,2754,Tony Allen,1610612763.0,Memphis,Grizzlies,MEM,4,201980,Danny Green,1610612759.0,San Antonio,Spurs,SAS,0,0,,,,,,1
0041500152,315,8,0,3,11:12 PM,4:58,SUB: Ginobili FOR Green,,,,,4,201980,Danny Green,1610612759.0,San Antonio,Spurs,SAS,4,1938,Manu Ginobili,1610612759.0,San Antonio,Spurs,SAS,0,0,,,,,,0
0041500152,316,8,0,3,11:12 PM,4:58,SUB: Diaw FOR Duncan,,,,,4,1495,Tim Duncan,1610612759.0,San Antonio,Spurs,SAS,4,2564,Boris Diaw,1610612759.0,San Antonio,Spurs,SAS,0,0,,,,,,0
0041500152,323,8,0,3,11:12 PM,4:58,,,SUB: Martin FOR Andersen,,,5,2365,Chris Andersen,1610612763.0,Memphis,Grizzlies,MEM,5,1626185,Jarell Martin,1610612763.0,Memphis,Grizzlies,MEM,0,0,,,,,,0
0041500152,317,2,1,3,11:13 PM,4:44,MISS Parker 25' 3PT Jump Shot,,,,,4,2225,Tony Parker,1610612759.0,San Antonio,Spurs,SAS,0,0,,,,,,0,0,,,,,,1
0041500152,318,4,0,3,11:13 PM,4:43,,,Randolph REBOUND (Off:3 Def:6),,,5,2216,Zach Randolph,1610612763.0,Memphis,Grizzlies,MEM,0,0,,,,,,0,0,,,,,,1
0041500152,319,2,5,3,11:13 PM,4:21,,,MISS Randolph 1' Layup,,,5,2216,Zach Randolph,1610612763.0,Memphis,Grizzlies,MEM,0,0,,,,,,0,0,,,,,,1
0041500152,320,4,0,3,11:13 PM,4:21,,,Martin REBOUND (Off:1 Def:0),,,5,1626185,Jarell Martin,1610612763.0,Memphis,Grizzlies,MEM,0,0,,,,,,0,0,,,,,,1
0041500152,321,5,2,3,11:13 PM,4:18,Parker STEAL (1 STL),,Martin Lost Ball Turnover (P1.T10),,,5,1626185,Jarell Martin,1610612763.0,Memphis,Grizzlies,MEM,4,2225,Tony Parker,1610612759.0,San Antonio,Spurs,SAS,0,0,,,,,,1
0041500152,322,6,2,3,11:13 PM,4:14,,,Barnes S.FOUL (P2.T2) (M.Callahan),,,5,2440,Matt Barnes,1610612763.0,Memphis,Grizzlies,MEM,4,1938,Manu Ginobili,1610612759.0,San Antonio,Spurs,SAS,1,0,,,,,,1
0041500152,324,3,11,3,11:14 PM,4:14,Ginobili Free Throw 1 of 2 (8 PTS),,,45 - 63,18,4,1938,Manu Ginobili,1610612759.0,San Antonio,Spurs,SAS,0,0,,,,,,0,0,,,,,,0
0041500152,326,8,0,3,11:14 PM,4:14,,,SUB: Munford FOR Farmar,,,5,200770,Jordan Farmar,1610612763.0,Memphis,Grizzlies,MEM,5,204098,Xavier Munford,1610612763.0,Memphis,Grizzlies,MEM,0,0,,,,,,0
0041500152,327,3,12,3,11:14 PM,4:14,MISS Ginobili Free Throw 2 of 2,,,,,4,1938,Manu Ginobili,1610612759.0,San Antonio,Spurs,SAS,0,0,,,,,,0,0,,,,,,0
0041500152,329,4,0,3,11:14 PM,4:13,,,Munford REBOUND (Off:0 Def:1),,,5,204098,Xavier Munford,1610612763.0,Memphis,Grizzlies,MEM,0,0,,,,,,0,0,,,,,,1
0041500152,330,9,1,3,11:14 PM,4:10,,,Grizzlies Timeout: Regular (Reg.3 Short 1),,,3,1610612763,,,,,,0,0,,,,,,0,0,,,,,,0
0041500152,332,8,0,3,11:16 PM,4:10,SUB: Anderson FOR Leonard,,,,,4,202695,Kawhi Leonard,1610612759.0,San Antonio,Spurs,SAS,4,203937,Kyle Anderson,1610612759.0,San Antonio,Spurs,SAS,0,0,,,,,,0
0041500152,333,8,0,3,11:16 PM,4:10,SUB: Mills FOR Parker,,,,,4,2225,Tony Parker,1610612759.0,San Antonio,Spurs,SAS,4,201988,Patty Mills,1610612759.0,San Antonio,Spurs,SAS,0,0,,,,,,0
0041500152,334,2,78,3,11:17 PM,4:03,,,MISS Munford 9' Floating Jump Shot,,,5,204098,Xavier Munford,1610612763.0,Memphis,Grizzlies,MEM,0,0,,,,,,0,0,,,,,,1
0041500152,335,4,0,3,11:17 PM,4:01,Aldridge REBOUND (Off:1 Def:6),,,,,4,200746,LaMarcus Aldridge,1610612759.0,San Antonio,Spurs,SAS,0,0,,,,,,0,0,,,,,,1
0041500152,336,2,104,3,11:18 PM,3:35,MISS Ginobili  3PT Step Back Bank Jump Shot,,,,,4,1938,Manu Ginobili,1610612759.0,San Antonio,Spurs,SAS,0,0,,,,,,0,0,,,,,,1
0041500152,337,4,0,3,11:18 PM,3:35,SPURS Rebound,,,,,2,1610612759,,,,,,0,0,,,,,,0,0,,,,,,0
0041500152,338,5,11,3,11:18 PM,3:35,SPURS Turnover: Shot Clock (T#13),,,,,2,1610612759,,,,,,0,0,,,,,,1,0,,,,,,0
0041500152,339,6,1,3,11:18 PM,3:32,Mills P.FOUL (P1.T1) (M.Callahan),,,,,4,201988,Patty Mills,1610612759.0,San Antonio,Spurs,SAS,5,204098,Xavier Munford,1610612763.0,Memphis,Grizzlies,MEM,1,0,,,,,,1
0041500152,340,2,44,3,11:19 PM,3:22,Aldridge BLOCK (4 BLK),,MISS Randolph  Reverse Layup,,,5,2216,Zach Randolph,1610612763.0,Memphis,Grizzlies,MEM,0,0,,,,,,4,200746,LaMarcus Aldridge,1610612759.0,San Antonio,Spurs,SAS,1
0041500152,341,4,0,3,11:19 PM,3:21,,,Randolph REBOUND (Off:4 Def:6),,,5,2216,Zach Randolph,1610612763.0,Memphis,Grizzlies,MEM,0,0,,,,,,0,0,,,,,,1
0041500152,342,2,5,3,11:19 PM,3:16,,,MISS Martin 2' Layup,,,5,1626185,Jarell Martin,1610612763.0,Memphis,Grizzlies,MEM,0,0,,,,,,0,0,,,,,,1
0041500152,343,4,0,3,11:19 PM,3:16,Anderson REBOUND (Off:0 Def:4),,,,,4,203937,Kyle Anderson,1610612759.0,San Antonio,Spurs,SAS,0,0,,,,,,0,0,,,,,,1
0041500152,344,2,1,3,11:19 PM,3:01,MISS Mills 24' 3PT Jump Shot,,,,,4,201988,Patty Mills,1610612759.0,San Antonio,Spurs,SAS,0,0,,,,,,0,0,,,,,,1
0041500152,345,4,0,3,11:19 PM,3:01,Aldridge REBOUND (Off:2 Def:6),,,,,4,200746,LaMarcus Aldridge,1610612759.0,San Antonio,Spurs,SAS,0,0,,,,,,0,0,,,,,,1
0041500152,346,2,72,3,11:19 PM,2:56,MISS Aldridge 1' Putback Layup,,,,,4,200746,LaMarcus Aldridge,1610612759.0,San Antonio,Spurs,SAS,0,0,,,,,,0,0,,,,,,1
0041500152,347,4,0,3,11:19 PM,2:55,,,Martin REBOUND (Off:1 Def:1),,,5,1626185,Jarell Martin,1610612763.0,Memphis,Grizzlies,MEM,0,0,,,,,,0,0,,,,,,1
0041500152,348,6,1,3,11:19 PM,2:52,Ginobili P.FOUL (P2.T2) (J.Williams),,,,,4,1938,Manu Ginobili,1610612759.0,San Antonio,Spurs,SAS,5,204098,Xavier Munford,1610612763.0,Memphis,Grizzlies,MEM,1,0,,,,,,1
0041500152,349,8,0,3,11:19 PM,2:52,,,SUB: Green FOR Randolph,,,5,2216,Zach Randolph,1610612763.0,Memphis,Grizzlies,MEM,5,203210,JaMychal Green,1610612763.0,Memphis,Grizzlies,MEM,0,0,,,,,,0
0041500152,350,8,0,3,11:19 PM,2:52,SUB: Duncan FOR Aldridge,,,,,4,200746,LaMarcus Aldridge,1610612759.0,San Antonio,Spurs,SAS,4,1495,Tim Duncan,1610612759.0,San Antonio,Spurs,SAS,0,0,,,,,,0
0041500152,351,1,79,3,11:20 PM,2:40,,,Allen 20' Pullup Jump Shot (10 PTS) (Green 1 AST),47 - 63,16,5,2754,Tony Allen,1610612763.0,Memphis,Grizzlies,MEM,5,203210,JaMychal Green,1610612763.0,Memphis,Grizzlies,MEM,0,0,,,,,,1
0041500152,352,6,1,3,11:20 PM,2:30,,,Allen P.FOUL (P2.T3) (J.Williams),,,5,2754,Tony Allen,1610612763.0,Memphis,Grizzlies,MEM,4,2564,Boris Diaw,1610612759.0,San Antonio,Spurs,SAS,1,0,,,,,,1
0041500152,353,2,1,3,11:20 PM,2:18,MISS Duncan 10' Jump Shot,,Green BLOCK (2 BLK),,,4,1495,Tim Duncan,1610612759.0,San Antonio,Spurs,SAS,0,0,,,,,,5,203210,JaMychal Green,1610612763.0,Memphis,Grizzlies,MEM,1
0041500152,354,4,0,3,11:20 PM,2:17,,,Green REBOUND (Off:3 Def:2),,,5,203210,JaMychal Green,1610612763.0,Memphis,Grizzlies,MEM,0,0,,,,,,0,0,,,,,,1
0041500152,355,2,1,3,11:21 PM,2:14,,,MISS Munford 25' 3PT Jump Shot,,,5,204098,Xavier Munford,1610612763.0,Memphis,Grizzlies,MEM,0,0,,,,,,0,0,,,,,,1
0041500152,356,4,0,3,11:21 PM,2:13,Diaw REBOUND (Off:0 Def:2),,,,,4,2564,Boris Diaw,1610612759.0,San Antonio,Spurs,SAS,0,0,,,,,,0,0,,,,,,1
0041500152,357,6,1,3,11:21 PM,2:07,,,Allen P.FOUL (P3.T4) (J.Williams),,,5,2754,Tony Allen,1610612763.0,Memphis,Grizzlies,MEM,4,201988,Patty Mills,1610612759.0,San Antonio,Spurs,SAS,1,0,,,,,,1
0041500152,358,6,1,3,11:21 PM,2:01,,,Munford P.FOUL (P1.PN) (J.Williams),,,5,204098,Xavier Munford,1610612763.0,Memphis,Grizzlies,MEM,4,201988,Patty Mills,1610612759.0,San Antonio,Spurs,SAS,1,0,,,,,,1
0041500152,359,3,11,3,11:21 PM,2:01,MISS Mills Free Throw 1 of 2,,,,,4,201988,Patty Mills,1610612759.0,San Antonio,Spurs,SAS,0,0,,,,,,0,0,,,,,,0
0041500152,360,4,1,3,11:21 PM,2:01,SPURS Rebound,,,,,2,1610612759,,,,,,0,0,,,,,,0,0,,,,,,0
0041500152,361,3,12,3,11:21 PM,2:01,Mills Free Throw 2 of 2 (9 PTS),,,47 - 64,17,4,201988,Patty Mills,1610612759.0,San Antonio,Spurs,SAS,0,0,,,,,,0,0,,,,,,0
0041500152,363,6,2,3,11:22 PM,1:52,Duncan S.FOUL (P1.T3) (J.Williams),,,,,4,1495,Tim Duncan,1610612759.0,San Antonio,Spurs,SAS,5,2440,Matt Barnes,1610612763.0,Memphis,Grizzlies,MEM,1,0,,,,,,1
0041500152,364,3,11,3,11:22 PM,1:52,,,Barnes Free Throw 1 of 2 (8 PTS),48 - 64,16,5,2440,Matt Barnes,1610612763.0,Memphis,Grizzlies,MEM,0,0,,,,,,0,0,,,,,,0
0041500152,366,3,12,3,11:22 PM,1:52,,,Barnes Free Throw 2 of 2 (9 PTS),49 - 64,15,5,2440,Matt Barnes,1610612763.0,Memphis,Grizzlies,MEM,0,0,,,,,,0,0,,,,,,0
0041500152,368,6,2,3,11:23 PM,1:38,,,Green S.FOUL (P1.PN) (T.Washington),,,5,203210,JaMychal Green,1610612763.0,Memphis,Grizzlies,MEM,4,1495,Tim Duncan,1610612759.0,San Antonio,Spurs,SAS,1,0,,,,,,1
0041500152,369,3,11,3,11:23 PM,1:38,Duncan Free Throw 1 of 2 (1 PTS),,,49 - 65,16,4,1495,Tim Duncan,1610612759.0,San Antonio,Spurs,SAS,0,0,,,,,,0,0,,,,,,0
0041500152,371,3,12,3,11:23 PM,1:38,Duncan Free Throw 2 of 2 (2 PTS),,,49 - 66,17,4,1495,Tim Duncan,1610612759.0,San Antonio,Spurs,SAS,0,0,,,,,,0,0,,,,,,0
0041500152,373,2,71,3,11:24 PM,1:22,,,MISS Martin 1' Finger Roll Layup,,,5,1626185,Jarell Martin,1610612763.0,Memphis,Grizzlies,MEM,0,0,,,,,,0,0,,,,,,1
0041500152,374,4,0,3,11:24 PM,1:21,Duncan REBOUND (Off:0 Def:8),,,,,4,1495,Tim Duncan,1610612759.0,San Antonio,Spurs,SAS,0,0,,,,,,0,0,,,,,,1
0041500152,376,5,2,3,11:24 PM,1:10,Mills Lost Ball Turnover (P2.T14),,Martin STEAL (1 STL),,,4,201988,Patty Mills,1610612759.0,San Antonio,Spurs,SAS,5,1626185,Jarell Martin,1610612763.0,Memphis,Grizzlies,MEM,0,0,,,,,,1
0041500152,377,6,2,3,11:24 PM,1:07,Ginobili S.FOUL (P3.PN) (J.Williams),,,,,4,1938,Manu Ginobili,1610612759.0,San Antonio,Spurs,SAS,5,2754,Tony Allen,1610612763.0,Memphis,Grizzlies,MEM,1,0,,,,,,1
0041500152,378,3,11,3,11:25 PM,1:07,,,Allen Free Throw 1 of 2 (11 PTS),50 - 66,16,5,2754,Tony Allen,1610612763.0,Memphis,Grizzlies,MEM,0,0,,,,,,0,0,,,,,,0
0041500152,380,3,12,3,11:25 PM,1:07,,,Allen Free Throw 2 of 2 (12 PTS),51 - 66,15,5,2754,Tony Allen,1610612763.0,Memphis,Grizzlies,MEM,0,0,,,,,,0,0,,,,,,0
0041500152,382,5,1,3,11:25 PM,0:52,Ginobili Bad Pass Turnover (P1.T15),,Allen STEAL (2 STL),,,4,1938,Manu Ginobili,1610612759.0,San Antonio,Spurs,SAS,5,2754,Tony Allen,1610612763.0,Memphis,Grizzlies,MEM,0,0,,,,,,1
0041500152,384,5,1,3,11:26 PM,0:45,,,Martin Bad Pass Turnover (P2.T11),,,5,1626185,Jarell Martin,1610612763.0,Memphis,Grizzlies,MEM,0,0,,,,,,0,0,,,,,,1
0041500152,385,1,80,3,11:26 PM,0:35,Mills  3PT Step Back Jump Shot (12 PTS) (Diaw 3 AST),,,51 - 69,18,4,201988,Patty Mills,1610612759.0,San Antonio,Spurs,SAS,4,2564,Boris Diaw,1610612759.0,San Antonio,Spurs,SAS,0,0,,,,,,1
0041500152,386,1,79,3,11:27 PM,0:23,,,Munford 18' Pullup Jump Shot (2 PTS),53 - 69,16,5,204098,Xavier Munford,1610612763.0,Memphis,Grizzlies,MEM,0,0,,,,,,0,0,,,,,,1
0041500152,387,6,2,3,11:27 PM,0:03,,,Green S.FOUL (P2.PN) (J.Williams),,,5,203210,JaMychal Green,1610612763.0,Memphis,Grizzlies,MEM,4,1495,Tim Duncan,1610612759.0,San Antonio,Spurs,SAS,1,0,,,,,,1
0041500152,388,3,11,3,11:27 PM,0:03,Duncan Free Throw 1 of 2 (3 PTS),,,53 - 70,17,4,1495,Tim Duncan,1610612759.0,San Antonio,Spurs,SAS,0,0,,,,,,0,0,,,,,,0
0041500152,390,8,0,3,11:28 PM,0:03,,,SUB: Carter FOR Allen,,,5,2754,Tony Allen,1610612763.0,Memphis,Grizzlies,MEM,5,1713,Vince Carter,1610612763.0,Memphis,Grizzlies,MEM,0,0,,,,,,0
0041500152,391,3,12,3,11:28 PM,0:03,MISS Duncan Free Throw 2 of 2,,,,,4,1495,Tim Duncan,1610612759.0,San Antonio,Spurs,SAS,0,0,,,,,,0,0,,,,,,0
0041500152,393,4,0,3,11:28 PM,0:01,,,Barnes REBOUND (Off:1 Def:5),,,5,2440,Matt Barnes,1610612763.0,Memphis,Grizzlies,MEM,0,0,,,,,,0,0,,,,,,1
0041500152,394,13,0,3,11:28 PM,0:00,,,,53 - 70,17,0,0,,,,,,0,0,,,,,,0,0,,,,,,0
0041500152,396,12,0,4,11:32 PM,12:00,,,,53 - 70,17,0,0,,,,,,0,0,,,,,,0,0,,,,,,0
0041500152,397,5,1,4,11:32 PM,11:42,Duncan Bad Pass Turnover (P2.T16),,Martin STEAL (2 STL),,,4,1495,Tim Duncan,1610612759.0,San Antonio,Spurs,SAS,5,1626185,Jarell Martin,1610612763.0,Memphis,Grizzlies,MEM,0,0,,,,,,1
0041500152,398,2,5,4,11:32 PM,11:36,Diaw BLOCK (2 BLK),,MISS Martin  Layup,,,5,1626185,Jarell Martin,1610612763.0,Memphis,Grizzlies,MEM,0,0,,,,,,4,2564,Boris Diaw,1610612759.0,San Antonio,Spurs,SAS,1
0041500152,399,4,0,4,11:32 PM,11:36,Anderson REBOUND (Off:0 Def:5),,,,,4,203937,Kyle Anderson,1610612759.0,San Antonio,Spurs,SAS,0,0,,,,,,0,0,,,,,,1
0041500152,400,6,1,4,11:32 PM,11:36,,,Allen P.FOUL (P4.T1) (M.Callahan),,,5,2754,Tony Allen,1610612763.0,Memphis,Grizzlies,MEM,4,203937,Kyle Anderson,1610612759.0,San Antonio,Spurs,SAS,1,0,,,,,,1
0041500152,401,2,79,4,11:32 PM,11:21,MISS Mills 19' Pullup Jump Shot,,,,,4,201988,Patty Mills,1610612759.0,San Antonio,Spurs,SAS,0,0,,,,,,0,0,,,,,,1
0041500152,402,4,0,4,11:33 PM,11:19,Duncan REBOUND (Off:1 Def:8),,,,,4,1495,Tim Duncan,1610612759.0,San Antonio,Spurs,SAS,0,0,,,,,,0,0,,,,,,1
0041500152,403,6,2,4,11:33 PM,11:04,,,Stephenson S.FOUL (P1.T2) (J.Williams),,,5,202362,Lance Stephenson,1610612763.0,Memphis,Grizzlies,MEM,4,203937,Kyle Anderson,1610612759.0,San Antonio,Spurs,SAS,1,0,,,,,,1
0041500152,404,3,11,4,11:33 PM,11:04,Anderson Free Throw 1 of 2 (1 PTS),,,53 - 71,18,4,203937,Kyle Anderson,1610612759.0,San Antonio,Spurs,SAS,0,0,,,,,,0,0,,,,,,0
0041500152,406,8,0,4,11:33 PM,11:04,SUB: West FOR Duncan,,,,,4,1495,Tim Duncan,1610612759.0,San Antonio,Spurs,SAS,4,2561,David West,1610612759.0,San Antonio,Spurs,SAS,0,0,,,,,,0
0041500152,407,3,12,4,11:33 PM,11:04,Anderson Free Throw 2 of 2 (2 PTS),,,53 - 72,19,4,203937,Kyle Anderson,1610612759.0,San Antonio,Spurs,SAS,0,0,,,,,,0,0,,,,,,0
0041500152,409,2,1,4,11:34 PM,10:46,Anderson BLOCK (1 BLK),,MISS Stephenson 5' Jump Shot,,,5,202362,Lance Stephenson,1610612763.0,Memphis,Grizzlies,MEM,0,0,,,,,,4,203937,Kyle Anderson,1610612759.0,San Antonio,Spurs,SAS,1
0041500152,410,4,0,4,11:34 PM,10:45,Anderson REBOUND (Off:0 Def:6),,,,,4,203937,Kyle Anderson,1610612759.0,San Antonio,Spurs,SAS,0,0,,,,,,0,0,,,,,,1
0041500152,411,6,1,4,11:34 PM,10:39,,,Martin P.FOUL (P3.T3) (T.Washington),,,5,1626185,Jarell Martin,1610612763.0,Memphis,Grizzlies,MEM,4,201988,Patty Mills,1610612759.0,San Antonio,Spurs,SAS,1,0,,,,,,1
0041500152,412,2,71,4,11:34 PM,10:29,MISS Diaw 2' Finger Roll Layup,,,,,4,2564,Boris Diaw,1610612759.0,San Antonio,Spurs,SAS,0,0,,,,,,0,0,,,,,,1
0041500152,413,4,0,4,11:34 PM,10:28,,,Green REBOUND (Off:3 Def:3),,,5,203210,JaMychal Green,1610612763.0,Memphis,Grizzlies,MEM,0,0,,,,,,0,0,,,,,,1
0041500152,414,2,66,4,11:35 PM,10:20,,,MISS Stephenson 19' Jump Bank Shot,,,5,202362,Lance Stephenson,1610612763.0,Memphis,Grizzlies,MEM,0,0,,,,,,0,0,,,,,,1
0041500152,415,4,0,4,11:35 PM,10:18,West REBOUND (Off:0 Def:1),,,,,4,2561,David West,1610612759.0,San Antonio,Spurs,SAS,0,0,,,,,,0,0,,,,,,1
0041500152,416,6,1,4,11:35 PM,10:11,,,Stephenson P.FOUL (P2.T4) (J.Williams),,,5,202362,Lance Stephenson,1610612763.0,Memphis,Grizzlies,MEM,4,203937,Kyle Anderson,1610612759.0,San Antonio,Spurs,SAS,1,0,,,,,,1
0041500152,417,8,0,4,11:35 PM,10:11,,,SUB: Hairston FOR Stephenson,,,5,202362,Lance Stephenson,1610612763.0,Memphis,Grizzlies,MEM,5,203798,PJ Hairston,1610612763.0,Memphis,Grizzlies,MEM,0,0,,,,,,0
0041500152,418,6,27,4,11:35 PM,10:02,,,Allen Personal Block Foul (P5.PN) (J.Williams),,,5,2754,Tony Allen,1610612763.0,Memphis,Grizzlies,MEM,4,203937,Kyle Anderson,1610612759.0,San Antonio,Spurs,SAS,1,0,,,,,,1
0041500152,419,3,11,4,11:36 PM,10:02,Anderson Free Throw 1 of 2 (3 PTS),,,53 - 73,20,4,203937,Kyle Anderson,1610612759.0,San Antonio,Spurs,SAS,0,0,,,,,,0,0,,,,,,0
0041500152,421,8,0,4,11:36 PM,10:02,SUB: Martin FOR Ginobili,,,,,4,1938,Manu Ginobili,1610612759.0,San Antonio,Spurs,SAS,4,2755,Kevin Martin,1610612759.0,San Antonio,Spurs,SAS,0,0,,,,,,0
0041500152,422,3,12,4,11:36 PM,10:02,Anderson Free Throw 2 of 2 (4 PTS),,,53 - 74,21,4,203937,Kyle Anderson,1610612759.0,San Antonio,Spurs,SAS,0,0,,,,,,0,0,,,,,,0
0041500152,424,2,1,4,11:36 PM,9:45,,,MISS Green 24' 3PT Jump Shot,,,5,203210,JaMychal Green,1610612763.0,Memphis,Grizzlies,MEM,0,0,,,,,,0,0,,,,,,1
0041500152,425,4,0,4,11:36 PM,9:44,,,Martin REBOUND (Off:2 Def:1),,,5,1626185,Jarell Martin,1610612763.0,Memphis,Grizzlies,MEM,0,0,,,,,,0,0,,,,,,1
0041500152,426,2,75,4,11:36 PM,9:39,,,MISS Hairston 1' Driving Finger Roll Layup,,,5,203798,PJ Hairston,1610612763.0,Memphis,Grizzlies,MEM,0,0,,,,,,0,0,,,,,,1
0041500152,427,4,0,4,11:37 PM,9:38,West REBOUND (Off:0 Def:2),,,,,4,2561,David West,1610612759.0,San Antonio,Spurs,SAS,0,0,,,,,,0,0,,,,,,1
0041500152,428,2,1,4,11:37 PM,9:20,MISS Anderson 22' Jump Shot,,,,,4,203937,Kyle Anderson,1610612759.0,San Antonio,Spurs,SAS,0,0,,,,,,0,0,,,,,,1
0041500152,429,4,0,4,11:37 PM,9:19,,,Green REBOUND (Off:3 Def:4),,,5,203210,JaMychal Green,1610612763.0,Memphis,Grizzlies,MEM,0,0,,,,,,0,0,,,,,,1
0041500152,430,9,1,4,11:37 PM,9:19,,,Grizzlies Timeout: Regular (Reg.4 Short 1),,,3,1610612763,,,,,,0,0,,,,,,0,0,,,,,,0
0041500152,432,8,0,4,11:40 PM,9:19,,,SUB: Farmar FOR Allen,,,5,2754,Tony Allen,1610612763.0,Memphis,Grizzlies,MEM,5,200770,Jordan Farmar,1610612763.0,Memphis,Grizzlies,MEM,0,0,,,,,,0
0041500152,433,8,0,4,11:40 PM,9:19,,,SUB: Randolph FOR Martin,,,5,1626185,Jarell Martin,1610612763.0,Memphis,Grizzlies,MEM,5,2216,Zach Randolph,1610612763.0,Memphis,Grizzlies,MEM,0,0,,,,,,0
0041500152,434,8,0,4,11:40 PM,9:19,,,SUB: Andersen FOR Green,,,5,203210,JaMychal Green,1610612763.0,Memphis,Grizzlies,MEM,5,2365,Chris Andersen,1610612763.0,Memphis,Grizzlies,MEM,0,0,,,,,,0
0041500152,435,6,1,4,11:40 PM,9:03,Diaw P.FOUL (P2.T1) (M.Callahan),,,,,4,2564,Boris Diaw,1610612759.0,San Antonio,Spurs,SAS,5,2216,Zach Randolph,1610612763.0,Memphis,Grizzlies,MEM,1,0,,,,,,1
0041500152,436,1,1,4,11:41 PM,8:54,,,Randolph 21' Jump Shot (9 PTS) (Farmar 2 AST),55 - 74,19,5,2216,Zach Randolph,1610612763.0,Memphis,Grizzlies,MEM,5,200770,Jordan Farmar,1610612763.0,Memphis,Grizzlies,MEM,0,0,,,,,,1
0041500152,437,5,2,4,11:41 PM,8:39,Martin Lost Ball Turnover (P2.T17),,Munford STEAL (2 STL),,,4,2755,Kevin Martin,1610612759.0,San Antonio,Spurs,SAS,5,204098,Xavier Munford,1610612763.0,Memphis,Grizzlies,MEM,0,0,,,,,,1
0041500152,438,2,41,4,11:41 PM,8:35,,,MISS Munford 1' Running Layup,,,5,204098,Xavier Munford,1610612763.0,Memphis,Grizzlies,MEM,0,0,,,,,,0,0,,,,,,1
0041500152,446,4,0,4,11:41 PM,8:34,,,Andersen REBOUND (Off:2 Def:6),,,5,2365,Chris Andersen,1610612763.0,Memphis,Grizzlies,MEM,0,0,,,,,,0,0,,,,,,1
0041500152,448,1,97,4,11:41 PM,8:34,,,Andersen 1' Tip Layup Shot (4 PTS),57 - 74,17,5,2365,Chris Andersen,1610612763.0,Memphis,Grizzlies,MEM,0,0,,,,,,0,0,,,,,,1
0041500152,439,1,5,4,11:41 PM,8:13,Diaw 1' Layup (6 PTS) (Mills 2 AST),,,57 - 76,19,4,2564,Boris Diaw,1610612759.0,San Antonio,Spurs,SAS,4,201988,Patty Mills,1610612759.0,San Antonio,Spurs,SAS,0,0,,,,,,1
0041500152,440,1,63,4,11:42 PM,7:45,,,Farmar 12' Fadeaway Jumper (5 PTS),59 - 76,17,5,200770,Jordan Farmar,1610612763.0,Memphis,Grizzlies,MEM,0,0,,,,,,0,0,,,,,,1
0041500152,441,1,79,4,11:42 PM,7:15,Mills 24' 3PT Pullup Jump Shot (15 PTS),,,59 - 79,20,4,201988,Patty Mills,1610612759.0,San Antonio,Spurs,SAS,0,0,,,,,,0,0,,,,,,1
0041500152,442,2,75,4,11:43 PM,6:48,,,MISS Farmar 1' Driving Finger Roll Layup,,,5,200770,Jordan Farmar,1610612763.0,Memphis,Grizzlies,MEM,0,0,,,,,,0,0,,,,,,1
0041500152,444,4,0,4,11:43 PM,6:47,,,Randolph REBOUND (Off:5 Def:6),,,5,2216,Zach Randolph,1610612763.0,Memphis,Grizzlies,MEM,0,0,,,,,,0,0,,,,,,1
0041500152,445,1,97,4,11:43 PM,6:45,,,Randolph  Tip Layup Shot (11 PTS),61 - 79,18,5,2216,Zach Randolph,1610612763.0,Memphis,Grizzlies,MEM,0,0,,,,,,0,0,,,,,,1
0041500152,447,6,1,4,11:43 PM,6:35,,,Farmar P.FOUL (P2.PN) (M.Callahan),,,5,200770,Jordan Farmar,1610612763.0,Memphis,Grizzlies,MEM,4,201988,Patty Mills,1610612759.0,San Antonio,Spurs,SAS,1,0,,,,,,1
0041500152,449,3,11,4,11:44 PM,6:35,Mills Free Throw 1 of 2 (16 PTS),,,61 - 80,19,4,201988,Patty Mills,1610612759.0,San Antonio,Spurs,SAS,0,0,,,,,,0,0,,,,,,0
0041500152,451,8,0,4,11:44 PM,6:35,SUB: Green FOR Anderson,,,,,4,203937,Kyle Anderson,1610612759.0,San Antonio,Spurs,SAS,4,201980,Danny Green,1610612759.0,San Antonio,Spurs,SAS,0,0,,,,,,0
0041500152,452,8,0,4,11:44 PM,6:35,SUB: Marjanovic FOR Diaw,,,,,4,2564,Boris Diaw,1610612759.0,San Antonio,Spurs,SAS,4,1626246,Boban Marjanovic,1610612759.0,San Antonio,Spurs,SAS,0,0,,,,,,0
0041500152,453,3,12,4,11:44 PM,6:35,MISS Mills Free Throw 2 of 2,,,,,4,201988,Patty Mills,1610612759.0,San Antonio,Spurs,SAS,0,0,,,,,,0,0,,,,,,0
0041500152,455,4,0,4,11:44 PM,6:34,,,Randolph REBOUND (Off:5 Def:7),,,5,2216,Zach Randolph,1610612763.0,Memphis,Grizzlies,MEM,0,0,,,,,,0,0,,,,,,1
0041500152,456,2,1,4,11:44 PM,6:15,,,MISS Farmar 24' 3PT Jump Shot,,,5,200770,Jordan Farmar,1610612763.0,Memphis,Grizzlies,MEM,0,0,,,,,,0,0,,,,,,1
0041500152,457,4,0,4,11:44 PM,6:14,Martin REBOUND (Off:0 Def:1),,,,,4,2755,Kevin Martin,1610612759.0,San Antonio,Spurs,SAS,0,0,,,,,,0,0,,,,,,1
0041500152,458,6,4,4,11:45 PM,6:06,Martin OFF.Foul (P3) (M.Callahan),,,,,4,2755,Kevin Martin,1610612759.0,San Antonio,Spurs,SAS,5,200770,Jordan Farmar,1610612763.0,Memphis,Grizzlies,MEM,1,0,,,,,,1
0041500152,459,5,5,4,11:45 PM,6:06,Martin Foul Turnover (P3.T18),,,,,4,2755,Kevin Martin,1610612759.0,San Antonio,Spurs,SAS,0,0,,,,,,1,0,,,,,,1
0041500152,460,8,0,4,11:45 PM,6:06,SUB: A. Miller FOR Mills,,,,,4,201988,Patty Mills,1610612759.0,San Antonio,Spurs,SAS,4,1889,Andre Miller,1610612759.0,San Antonio,Spurs,SAS,0,0,,,,,,0
0041500152,461,8,0,4,11:45 PM,6:06,,,SUB: Martin FOR Andersen,,,5,2365,Chris Andersen,1610612763.0,Memphis,Grizzlies,MEM,5,1626185,Jarell Martin,1610612763.0,Memphis,Grizzlies,MEM,0,0,,,,,,0
0041500152,463,5,1,4,11:45 PM,5:58,West STEAL (1 STL),,Farmar Bad Pass Turnover (P2.T12),,,5,200770,Jordan Farmar,1610612763.0,Memphis,Grizzlies,MEM,4,2561,David West,1610612759.0,San Antonio,Spurs,SAS,0,0,,,,,,1
0041500152,464,1,50,4,11:45 PM,5:53,West  Running Dunk (4 PTS),,,61 - 82,21,4,2561,David West,1610612759.0,San Antonio,Spurs,SAS,0,0,,,,,,0,0,,,,,,1
0041500152,465,9,1,4,11:45 PM,5:53,,,Grizzlies Timeout: Regular (Reg.5 Short 1),,,3,1610612763,,,,,,0,0,,,,,,0,0,,,,,,0
0041500152,476,8,0,4,11:45 PM,5:53,,,SUB: Green FOR Randolph,,,5,2216,Zach Randolph,1610612763.0,Memphis,Grizzlies,MEM,5,203210,JaMychal Green,1610612763.0,Memphis,Grizzlies,MEM,0,0,,,,,,0
0041500152,467,1,79,4,11:49 PM,5:35,,,Munford 13' Pullup Jump Shot (4 PTS),63 - 82,19,5,204098,Xavier Munford,1610612763.0,Memphis,Grizzlies,MEM,0,0,,,,,,0,0,,,,,,1
0041500152,468,6,2,4,11:49 PM,5:21,,,Munford S.FOUL (P2.PN) (T.Washington),,,5,204098,Xavier Munford,1610612763.0,Memphis,Grizzlies,MEM,4,2755,Kevin Martin,1610612759.0,San Antonio,Spurs,SAS,1,0,,,,,,1
0041500152,469,3,11,4,11:49 PM,5:21,MISS Martin Free Throw 1 of 2,,,,,4,2755,Kevin Martin,1610612759.0,San Antonio,Spurs,SAS,0,0,,,,,,0,0,,,,,,0
0041500152,470,4,1,4,11:49 PM,5:21,SPURS Rebound,,,,,2,1610612759,,,,,,0,0,,,,,,0,0,,,,,,0
0041500152,471,3,12,4,11:49 PM,5:21,Martin Free Throw 2 of 2 (7 PTS),,,63 - 83,20,4,2755,Kevin Martin,1610612759.0,San Antonio,Spurs,SAS,0,0,,,,,,0,0,,,,,,0
0041500152,473,2,1,4,11:50 PM,5:00,,,MISS Green 19' Jump Shot,,,5,203210,JaMychal Green,1610612763.0,Memphis,Grizzlies,MEM,0,0,,,,,,0,0,,,,,,1
0041500152,474,4,0,4,11:50 PM,4:58,Marjanovic REBOUND (Off:0 Def:1),,,,,4,1626246,Boban Marjanovic,1610612759.0,San Antonio,Spurs,SAS,0,0,,,,,,0,0,,,,,,1
0041500152,475,2,79,4,11:50 PM,4:42,MISS Green 19' Pullup Jump Shot,,,,,4,201980,Danny Green,1610612759.0,San Antonio,Spurs,SAS,0,0,,,,,,0,0,,,,,,1
0041500152,478,4,0,4,11:50 PM,4:40,,,Munford REBOUND (Off:0 Def:2),,,5,204098,Xavier Munford,1610612763.0,Memphis,Grizzlies,MEM,0,0,,,,,,0,0,,,,,,1
0041500152,479,2,1,4,11:50 PM,4:28,,,MISS Martin 20' Jump Shot,,,5,1626185,Jarell Martin,1610612763.0,Memphis,Grizzlies,MEM,0,0,,,,,,0,0,,,,,,1
0041500152,480,4,0,4,11:50 PM,4:28,West REBOUND (Off:0 Def:3),,,,,4,2561,David West,1610612759.0,San Antonio,Spurs,SAS,0,0,,,,,,0,0,,,,,,1
0041500152,481,2,1,4,11:51 PM,4:15,MISS Marjanovic 14' Jump Shot,,,,,4,1626246,Boban Marjanovic,1610612759.0,San Antonio,Spurs,SAS,0,0,,,,,,0,0,,,,,,1
0041500152,482,4,0,4,11:51 PM,4:15,,,Munford REBOUND (Off:0 Def:3),,,5,204098,Xavier Munford,1610612763.0,Memphis,Grizzlies,MEM,0,0,,,,,,0,0,,,,,,1
0041500152,483,2,1,4,11:51 PM,3:59,,,MISS Hairston  3PT Jump Shot,,,5,203798,PJ Hairston,1610612763.0,Memphis,Grizzlies,MEM,0,0,,,,,,0,0,,,,,,1
0041500152,484,4,0,4,11:51 PM,3:57,Marjanovic REBOUND (Off:0 Def:2),,,,,4,1626246,Boban Marjanovic,1610612759.0,San Antonio,Spurs,SAS,0,0,,,,,,0,0,,,,,,1
0041500152,485,1,1,4,11:51 PM,3:51,Martin 25' 3PT Jump Shot (10 PTS) (A. Miller 1 AST),,,63 - 86,23,4,2755,Kevin Martin,1610612759.0,San Antonio,Spurs,SAS,4,1889,Andre Miller,1610612759.0,San Antonio,Spurs,SAS,0,0,,,,,,1
0041500152,486,2,102,4,11:51 PM,3:26,,,MISS Munford 4' Driving Floating Bank Jump Shot,,,5,204098,Xavier Munford,1610612763.0,Memphis,Grizzlies,MEM,0,0,,,,,,0,0,,,,,,1
0041500152,487,4,0,4,11:52 PM,3:25,A. Miller REBOUND (Off:0 Def:1),,,,,4,1889,Andre Miller,1610612759.0,San Antonio,Spurs,SAS,0,0,,,,,,0,0,,,,,,1
0041500152,488,1,1,4,11:52 PM,3:18,West 18' Jump Shot (6 PTS) (A. Miller 2 AST),,,63 - 88,25,4,2561,David West,1610612759.0,San Antonio,Spurs,SAS,4,1889,Andre Miller,1610612759.0,San Antonio,Spurs,SAS,0,0,,,,,,1
0041500152,489,5,11,4,11:52 PM,2:50,,,Grizzlies Turnover: Shot Clock (T#13),,,3,1610612763,,,,,,0,0,,,,,,1,0,,,,,,0
0041500152,490,9,4,4,11:52 PM,2:50,,,,,,1,0,,,,,,0,0,,,,,,0,0,,,,,,0
0041500152,497,8,0,4,11:52 PM,2:50,SUB: Anderson FOR Green,,,,,4,201980,Danny Green,1610612759.0,San Antonio,Spurs,SAS,4,203937,Kyle Anderson,1610612759.0,San Antonio,Spurs,SAS,0,0,,,,,,0
0041500152,492,2,1,4,11:56 PM,2:32,MISS Anderson 19' Jump Shot,,,,,4,203937,Kyle Anderson,1610612759.0,San Antonio,Spurs,SAS,0,0,,,,,,0,0,,,,,,1
0041500152,493,4,0,4,11:56 PM,2:32,,,Grizzlies Rebound,,,3,1610612763,,,,,,0,0,,,,,,0,0,,,,,,0
0041500152,494,6,3,4,11:56 PM,2:32,Marjanovic L.B.FOUL (P1.T2) (M.Callahan),,,,,4,1626246,Boban Marjanovic,1610612759.0,San Antonio,Spurs,SAS,5,1626185,Jarell Martin,1610612763.0,Memphis,Grizzlies,MEM,1,0,,,,,,1
0041500152,495,6,2,4,11:56 PM,2:17,Marjanovic S.FOUL (P2.T3) (T.Washington),,,,,4,1626246,Boban Marjanovic,1610612759.0,San Antonio,Spurs,SAS,5,203798,PJ Hairston,1610612763.0,Memphis,Grizzlies,MEM,1,0,,,,,,1
0041500152,496,3,11,4,11:56 PM,2:17,,,MISS Hairston Free Throw 1 of 2,,,5,203798,PJ Hairston,1610612763.0,Memphis,Grizzlies,MEM,0,0,,,,,,0,0,,,,,,0
0041500152,498,4,1,4,11:56 PM,2:17,,,Grizzlies Rebound,,,3,1610612763,,,,,,0,0,,,,,,0,0,,,,,,0
0041500152,499,3,12,4,11:57 PM,2:17,,,MISS Hairston Free Throw 2 of 2,,,5,203798,PJ Hairston,1610612763.0,Memphis,Grizzlies,MEM,0,0,,,,,,0,0,,,,,,0
0041500152,501,4,0,4,11:57 PM,2:16,Anderson REBOUND (Off:0 Def:7),,,,,4,203937,Kyle Anderson,1610612759.0,San Antonio,Spurs,SAS,0,0,,,,,,0,0,,,,,,1
0041500152,502,6,1,4,11:57 PM,2:10,,,Green P.FOUL (P3.PN) (T.Washington),,,5,203210,JaMychal Green,1610612763.0,Memphis,Grizzlies,MEM,4,1626246,Boban Marjanovic,1610612759.0,San Antonio,Spurs,SAS,1,0,,,,,,1
0041500152,503,3,11,4,11:57 PM,2:10,Marjanovic Free Throw 1 of 2 (1 PTS),,,63 - 89,26,4,1626246,Boban Marjanovic,1610612759.0,San Antonio,Spurs,SAS,0,0,,,,,,0,0,,,,,,0
0041500152,505,3,12,4,11:57 PM,2:10,Marjanovic Free Throw 2 of 2 (2 PTS),,,63 - 90,27,4,1626246,Boban Marjanovic,1610612759.0,San Antonio,Spurs,SAS,0,0,,,,,,0,0,,,,,,0
0041500152,507,1,1,4,11:58 PM,1:54,,,Farmar  3PT Jump Shot (8 PTS) (Martin 1 AST),66 - 90,24,5,200770,Jordan Farmar,1610612763.0,Memphis,Grizzlies,MEM,5,1626185,Jarell Martin,1610612763.0,Memphis,Grizzlies,MEM,0,0,,,,,,1
0041500152,508,6,1,4,11:58 PM,1:47,,,Farmar P.FOUL (P3.PN) (M.Callahan),,,5,200770,Jordan Farmar,1610612763.0,Memphis,Grizzlies,MEM,4,1889,Andre Miller,1610612759.0,San Antonio,Spurs,SAS,1,0,,,,,,1
0041500152,509,3,11,4,11:58 PM,1:47,A. Miller Free Throw 1 of 2 (1 PTS),,,66 - 91,25,4,1889,Andre Miller,1610612759.0,San Antonio,Spurs,SAS,0,0,,,,,,0,0,,,,,,0
0041500152,511,3,12,4,11:58 PM,1:47,A. Miller Free Throw 2 of 2 (2 PTS),,,66 - 92,26,4,1889,Andre Miller,1610612759.0,San Antonio,Spurs,SAS,0,0,,,,,,0,0,,,,,,0
0041500152,513,5,45,4,11:59 PM,1:28,,,Farmar Out of Bounds - Bad Pass Turnover Turnover (P3.T14),,,5,200770,Jordan Farmar,1610612763.0,Memphis,Grizzlies,MEM,0,0,,,,,,0,0,,,,,,1
0041500152,514,1,7,4,11:59 PM,1:18,Marjanovic  Dunk (4 PTS) (Martin 1 AST),,,66 - 94,28,4,1626246,Boban Marjanovic,1610612759.0,San Antonio,Spurs,SAS,4,2755,Kevin Martin,1610612759.0,San Antonio,Spurs,SAS,0,0,,,,,,1
0041500152,515,2,1,4,12:00 AM,0:56,,,MISS Farmar 24' 3PT Jump Shot,,,5,200770,Jordan Farmar,1610612763.0,Memphis,Grizzlies,MEM,0,0,,,,,,0,0,,,,,,1
0041500152,516,4,0,4,12:00 AM,0:55,West REBOUND (Off:0 Def:4),,,,,4,2561,David West,1610612759.0,San Antonio,Spurs,SAS,0,0,,,,,,0,0,,,,,,1
0041500152,517,6,4,4,12:00 AM,0:42,Martin OFF.Foul (P4) (M.Callahan),,,,,4,2755,Kevin Martin,1610612759.0,San Antonio,Spurs,SAS,5,204098,Xavier Munford,1610612763.0,Memphis,Grizzlies,MEM,1,0,,,,,,1
0041500152,518,5,5,4,12:00 AM,0:42,Martin Foul Turnover (P4.T19),,,,,4,2755,Kevin Martin,1610612759.0,San Antonio,Spurs,SAS,0,0,,,,,,1,0,,,,,,1
0041500152,519,1,79,4,12:01 AM,0:24,,,Munford 16' Pullup Jump Shot (6 PTS),68 - 94,26,5,204098,Xavier Munford,1610612763.0,Memphis,Grizzlies,MEM,0,0,,,,,,0,0,,,,,,1
0041500152,520,2,1,4,12:01 AM,0:00,MISS A. Miller 37' 3PT Jump Shot,,,,,4,1889,Andre Miller,1610612759.0,San Antonio,Spurs,SAS,0,0,,,,,,0,0,,,,,,1
0041500152,521,4,0,4,12:01 AM,0:00,SPURS Rebound,,,,,2,1610612759,,,,,,0,0,,,,,,0,0,,,,,,0
0041500152,522,13,0,4,12:01 AM,0:00,,,,68 - 94,26,0,0,,,,,,0,0,,,,,,0,0,,,,,,0
